**** , USER DATA ,****,
, Device Info, 
-------------------------------------
Model :SM-A505F
Device: a50
Manufacturer: samsung
Board: exynos9610
Brand: samsung
SDK or OS  : 30
versionRelease: 11
VERSION_CODE: 5
VERSION_NAME: 1.0
-------------------------------------

 Unique file Id,78761, 
 Front Face,true, 
 Sampling Rate  : 9,

Id provided by Hospital or Entered manually or Randomly generated, 
20220111_134931-SM-A505F-24, 

 ************, User Manual Data : ,************ ,  

Gender,Female,
height,160,
weight,70,
Age,29,
BPsystolic(Manual),109,
BPdiastolic(Manual),79,
heartrate(Manual),70,
Medication,0,
Place ,,

 ************ , Advance Settings ,************ , 

 ************, 
 {hsvMin=60.0, hsvMax=340.0, saturationMin=0.4, saturationMax=1.0, brightnessMin=0.0, brightnessMax=1.0} ,************ ,  

 
  ************, Calculated : ,************

BMI,27,
BMR,1627,
BPsystolic,111,
BPdiastolic,73,
Heartrate,90,
Respirationrate,9,
Rythm,Pitta/Kapha(Reg),
Kathinya,240,
Kapha,50.00  %,
Vata,16.67  %,
Pitta,33.33  %,
Tala Result,0.003538169734423558,
Variance Of Heart Rate,0.5797041670349921,
BSA,1.7318886979699173,
ET,252.57,
SV,47.170803397984656,
PP,28.51922817290487,
MPP,83.25,

 ************, KPV2 ,************
K2 , 41.14  %P2 , 29.85  %V2 , 29.01  %
PPG,


Colors Code , RED , GREEN , BLUE , H, S, V , GOOD SIGNAL HSV AVG ( per sec)  , <.1
0,69.0,58.0,58.0,24.142014,0.80094784,0.827451,82.77777777777777,0.0
1,71.0,58.0,58.0,23.786983,0.8047619,0.8235294,92.88888888888889
2,73.0,56.0,56.0,23.786983,0.8047619,0.8235294,164.66666666666666
3,74.0,51.0,50.0,23.431953,0.8047619,0.8235294,208.44444444444446
4,72.0,44.0,42.0,23.076923,0.8047619,0.8235294,222.22222222222223
5,71.0,39.0,36.0,22.941177,0.8133971,0.81960785,212.44444444444446
6,73.0,36.0,33.0,22.45614,0.82608694,0.8117647,214.77777777777777
7,76.0,37.0,34.0,21.976744,0.8309179,0.8117647,213.77777777777777
8,81.0,40.0,36.0,21.627907,0.83495146,0.80784315,211.44444444444446
9,85.0,41.0,38.0,21.502892,0.83980584,0.80784315,213.88888888888889
10,82.0,36.0,34.0,21.502892,0.84390247,0.8039216,215.0
11,80.0,30.0,27.0,21.15607,0.84390247,0.8039216,215.77777777777777
12,86.0,27.0,23.0,20.809248,0.84390247,0.8039216,215.55555555555554
13,105.0,36.0,30.0,21.034483,0.8487805,0.8039216,215.55555555555554
14,127.0,54.0,47.0,20.689655,0.8487805,0.8039216,215.0
15,126.0,55.0,48.0,20.344828,0.85294116,0.8,214.55555555555554
16,83.0,16.0,12.0,20.571428,0.85784316,0.8,213.33333333333334
17,67.0,2.0,0.0,20.22857,0.85784316,0.8,211.44444444444446
18,80.0,8.0,5.0,20.113636,0.8585366,0.8039216,213.44444444444446
19,94.0,8.0,4.0,20.338984,0.86341465,0.8039216,213.0
20,109.0,4.0,0.0,20.113636,0.8585366,0.8039216,212.0
21,159.0,18.0,4.0,20.454546,0.8585366,0.8039216,212.77777777777777
22,180.0,28.0,4.0,20.22857,0.85365856,0.8039216,212.55555555555554
23,185.0,36.0,7.0,20.113636,0.8543689,0.80784315,210.0
24,187.0,38.0,8.0,20.454546,0.8585366,0.8039216,208.77777777777777
25,187.0,40.0,8.0,20.113636,0.8585366,0.8039216,211.55555555555554
26,189.0,43.0,8.0,20.338984,0.8592233,0.80784315,212.22222222222223
27,192.0,46.0,9.0,20.454546,0.8543689,0.80784315,212.66666666666666
28,200.0,52.0,11.0,20.338984,0.8592233,0.80784315,213.0
29,203.0,57.0,13.0,20.454546,0.8543689,0.80784315,211.88888888888889
30,210.0,66.0,15.0,20.454546,0.8543689,0.80784315,207.22222222222223
31,209.0,66.0,15.0,20.677967,0.85507244,0.8117647,204.66666666666666
32,211.0,68.0,17.0,20.795454,0.8543689,0.80784315,205.55555555555554
33,209.0,67.0,17.0,68.77777777777777
34,209.0,68.0,18.0
35,211.0,69.0,19.0
36,214.0,75.0,26.0
37,241.0,137.0,111.0
38,232.0,116.0,87.0
39,227.0,104.0,66.0
40,226.0,102.0,63.0
41,220.0,94.0,48.0
42,215.0,90.0,37.0
43,214.0,91.0,38.0
44,213.0,90.0,38.0
45,212.0,87.0,34.0
46,211.0,85.0,31.0
47,211.0,85.0,31.0
48,212.0,87.0,31.0
49,213.0,88.0,33.0
50,213.0,89.0,33.0
51,213.0,89.0,33.0
52,213.0,89.0,33.0
53,213.0,89.0,34.0
54,213.0,89.0,34.0
55,214.0,90.0,34.0
56,214.0,91.0,34.0
57,215.0,91.0,34.0
58,215.0,92.0,34.0
59,215.0,93.0,34.0
60,215.0,92.0,34.0
61,215.0,92.0,33.0
62,215.0,92.0,33.0
63,215.0,92.0,33.0
64,215.0,93.0,33.0
65,215.0,92.0,33.0
66,215.0,92.0,33.0
67,214.0,92.0,33.0
68,214.0,92.0,33.0
69,214.0,92.0,33.0
70,213.0,91.0,32.0
71,212.0,90.0,32.0
72,212.0,90.0,31.0
73,212.0,89.0,31.0
74,211.0,89.0,32.0
75,211.0,89.0,31.0
76,211.0,88.0,31.0
77,211.0,88.0,31.0
78,211.0,89.0,31.0
79,212.0,89.0,31.0
80,212.0,90.0,31.0
81,212.0,90.0,31.0
82,213.0,91.0,31.0
83,213.0,91.0,32.0
84,213.0,92.0,32.0
85,213.0,93.0,32.0
86,214.0,94.0,33.0
87,214.0,95.0,33.0
88,215.0,96.0,34.0
89,215.0,97.0,34.0
90,215.0,97.0,34.0
91,215.0,98.0,35.0
92,215.0,97.0,35.0
93,215.0,97.0,35.0
94,215.0,98.0,35.0
95,215.0,98.0,34.0
96,215.0,98.0,35.0
97,215.0,98.0,35.0
98,215.0,99.0,35.0
99,215.0,100.0,35.0
100,215.0,100.0,35.0
101,215.0,100.0,35.0
102,216.0,101.0,36.0
103,216.0,102.0,36.0
104,216.0,102.0,36.0
105,216.0,103.0,36.0
106,216.0,103.0,37.0
107,216.0,104.0,37.0
108,216.0,104.0,37.0
109,216.0,105.0,37.0
110,216.0,105.0,37.0
111,216.0,105.0,37.0
112,216.0,105.0,37.0
113,216.0,106.0,38.0
114,215.0,105.0,37.0
115,215.0,105.0,37.0
116,215.0,105.0,37.0
117,215.0,105.0,38.0
118,215.0,105.0,38.0
119,215.0,105.0,38.0
120,215.0,106.0,38.0
121,215.0,106.0,38.0
122,216.0,107.0,38.0
123,216.0,107.0,38.0
124,216.0,107.0,38.0
125,216.0,107.0,39.0
126,216.0,107.0,39.0
127,215.0,107.0,39.0
128,215.0,107.0,38.0
129,215.0,107.0,38.0
130,215.0,107.0,38.0
131,215.0,107.0,38.0
132,215.0,107.0,39.0
133,215.0,107.0,38.0
134,215.0,107.0,38.0
135,215.0,107.0,39.0
136,216.0,108.0,39.0
137,215.0,108.0,39.0
138,215.0,107.0,38.0
139,215.0,107.0,38.0
140,214.0,106.0,38.0
141,214.0,106.0,38.0
142,214.0,105.0,38.0
143,214.0,105.0,38.0
144,214.0,105.0,38.0
145,214.0,106.0,38.0
146,214.0,106.0,38.0
147,214.0,106.0,38.0
148,214.0,106.0,38.0
149,214.0,106.0,38.0
150,213.0,106.0,37.0
151,213.0,105.0,36.0
152,212.0,105.0,36.0
153,212.0,105.0,36.0
154,212.0,105.0,36.0
155,212.0,105.0,36.0
156,211.0,104.0,36.0
157,211.0,104.0,36.0
158,211.0,104.0,36.0
159,211.0,104.0,36.0
160,211.0,105.0,36.0
161,212.0,105.0,37.0
162,212.0,106.0,37.0
163,213.0,107.0,38.0
164,213.0,107.0,38.0
165,213.0,107.0,38.0
166,213.0,107.0,38.0
167,213.0,108.0,38.0
168,214.0,108.0,39.0
169,214.0,109.0,40.0
170,214.0,110.0,40.0
171,214.0,109.0,40.0
172,214.0,109.0,40.0
173,213.0,109.0,40.0
174,213.0,109.0,40.0
175,213.0,109.0,40.0
176,213.0,109.0,40.0
177,213.0,109.0,40.0
178,213.0,109.0,40.0
179,213.0,109.0,40.0
180,212.0,108.0,40.0
181,212.0,108.0,39.0
182,212.0,108.0,39.0
183,212.0,108.0,39.0
184,212.0,108.0,39.0
185,212.0,108.0,39.0
186,212.0,108.0,39.0
187,212.0,108.0,39.0
188,212.0,109.0,40.0
189,212.0,109.0,40.0
190,213.0,109.0,40.0
191,213.0,109.0,40.0
192,213.0,109.0,41.0
193,213.0,109.0,40.0
194,212.0,109.0,40.0
195,212.0,109.0,40.0
196,213.0,109.0,41.0
197,213.0,110.0,41.0
198,213.0,110.0,42.0
199,213.0,110.0,42.0
200,213.0,110.0,42.0
201,213.0,111.0,42.0
202,213.0,111.0,42.0
203,213.0,110.0,42.0
204,213.0,110.0,42.0
205,212.0,110.0,41.0
206,212.0,110.0,41.0
207,211.0,109.0,41.0
208,211.0,109.0,41.0
209,211.0,108.0,40.0
210,211.0,108.0,40.0
211,210.0,108.0,40.0
212,210.0,106.0,40.0
213,210.0,106.0,39.0
214,209.0,105.0,39.0
215,209.0,105.0,39.0
216,209.0,104.0,38.0
217,208.0,104.0,38.0
218,208.0,103.0,38.0
219,208.0,103.0,38.0
220,208.0,103.0,38.0
221,208.0,103.0,38.0
222,209.0,103.0,38.0
223,209.0,104.0,39.0
224,210.0,105.0,39.0
225,211.0,106.0,40.0
226,211.0,106.0,40.0
227,211.0,107.0,40.0
228,211.0,107.0,40.0
229,211.0,108.0,40.0
230,212.0,108.0,40.0
231,212.0,108.0,40.0
232,212.0,109.0,41.0
233,212.0,109.0,41.0
234,212.0,109.0,41.0
235,212.0,109.0,41.0
236,212.0,109.0,41.0
237,213.0,109.0,42.0
238,213.0,110.0,42.0
239,212.0,110.0,42.0
240,212.0,110.0,42.0
241,212.0,110.0,41.0
242,212.0,110.0,42.0
243,212.0,110.0,42.0
244,213.0,110.0,42.0
245,212.0,110.0,42.0
246,213.0,110.0,42.0
247,212.0,110.0,42.0
248,212.0,110.0,42.0
249,213.0,111.0,42.0
250,213.0,111.0,43.0
251,213.0,111.0,43.0
252,213.0,111.0,43.0
253,213.0,111.0,43.0
254,213.0,112.0,43.0
255,213.0,112.0,43.0
256,213.0,112.0,43.0
257,213.0,112.0,43.0
258,213.0,112.0,43.0
259,213.0,112.0,43.0
260,213.0,112.0,44.0
261,213.0,112.0,44.0
262,213.0,112.0,44.0
263,213.0,112.0,44.0
264,213.0,112.0,43.0
265,213.0,112.0,43.0
266,212.0,111.0,43.0
267,212.0,111.0,43.0
268,211.0,110.0,42.0
269,210.0,108.0,41.0
270,210.0,108.0,41.0
271,210.0,107.0,41.0
272,210.0,106.0,41.0
273,209.0,104.0,39.0
274,207.0,100.0,36.0
275,207.0,98.0,35.0
276,206.0,96.0,34.0
277,206.0,95.0,33.0
278,205.0,94.0,32.0
279,205.0,93.0,32.0
280,205.0,92.0,32.0
281,205.0,92.0,31.0
282,205.0,91.0,31.0
283,204.0,89.0,30.0
284,204.0,89.0,29.0
285,204.0,88.0,29.0
286,205.0,88.0,29.0
287,205.0,88.0,28.0
288,205.0,88.0,29.0
289,205.0,89.0,29.0
290,205.0,89.0,30.0
291,206.0,89.0,30.0
292,205.0,89.0,29.0
293,205.0,88.0,29.0
294,206.0,89.0,29.0
295,206.0,90.0,30.0
296,206.0,89.0,29.0
297,206.0,90.0,30.0
298,206.0,90.0,30.0
299,207.0,91.0,30.0
300,206.0,91.0,30.0

 ************, After Bandpass: ,************
central frequency  ,2.25 
Width frequency  , 3.16 

 ************, PPG Signal : ,************ , , Removed 
0,13.828676051200546, ,,-69.0
1,12.116944731581725, ,,-71.0
2,-8.269253155169963, ,,-73.0
3,-6.020781792180287, ,,-74.0
4,-8.334094675451297, ,,-72.0
5,-12.032543195788776, ,,-71.0
6,-6.107995787612708, ,,-73.0
7,-3.8059928325901637, ,,-76.0
8,-0.6229330258795471, ,,-81.0
9,0.6035528380928099, ,,-85.0
10,2.036145734177353, ,,41.63422657041458
11,3.5470720849368718, ,,51.02685231314584
12,4.053259664204688, ,,3.7714869173651238
13,3.3713274801943953, ,,8.809503655731362
14,2.1013531322091694, ,,10.204917592716185
15,1.3541505797886657, ,,-7.1691135875315695
16,0.6305429624972021, ,,-38.84722108003302
17,0.1402806333398985, ,,-58.44638012430528
18,0.37312894412116293, ,,-24.8663008342254
19,0.3060943601128656, ,,-1.9472645204793935
20,0.17195010528189414, ,,10.574477147589164
21,0.21403438860738788, ,,37.58918074722544
22,-0.44297498753189757, ,,45.40726676775057
23,-0.5522770018242227, ,,19.28773768232861
24,-0.5199640950415869, ,,1.2509809873438371
25,-0.5764598481218854, ,,-9.900734573771615
26,-0.38186631889561795, ,,-17.364962789191168
27,-0.34610201508462524, ,,-15.447146518513932
28,-0.2005727985356316, ,,-11.993663633955293
29,-0.1304826940233852, ,,-7.87022271419869
30,-0.5685912169519725, ,,-5.8841494814316775
31,-0.642449309111953, ,,-5.056562023941751
32,-0.010516203758925258, ,,-6.540010814339212
33,-0.41558897766140035, ,,-5.9939590557196425
34,-0.9442140736171041, ,,-6.005009027394408
35,-0.3648344023918071, ,,-3.2329736105873508
36,0.2500677545990584, ,,0.37513075848391964
37,-0.052353458670950204, ,
38,-0.062460888664418235, ,
39,0.543378546343547, ,
40,0.5311553569847547, ,
41,0.5493708778710698, ,
42,1.03021170543866, ,
43,0.9979710838226765, ,
44,0.33065968802566204, ,
45,0.6228345360971161, ,
46,0.5821697090664202, ,
47,-0.19194750758197188, ,
48,-0.24431358336209996, ,
49,0.11023209502400277, ,
50,0.20376150087577116, ,
51,0.19488542385488472, ,
52,0.26106152294482854, ,
53,-0.3379035478210426, ,
54,-0.4642824625777848, ,
55,-0.42895108300103857, ,
56,-0.5062836072154369, ,
57,-0.3299056700871006, ,
58,-0.309455599505327, ,
59,-0.18111182531515624, ,
60,-0.12010025790209511, ,
61,-0.05974289793812204, ,
62,-0.010745841620291685, ,
63,0.00810923850394829, ,
64,0.029589810757897794, ,
65,0.5379469876852454, ,
66,0.6665890041720104, ,
67,0.05106312353836984, ,
68,-0.03527701946245543, ,
69,-0.1467385341957197, ,
70,-0.24778440424370274, ,
71,-0.18240930336264682, ,
72,-0.21202779007944628, ,
73,-0.136540386085926, ,
74,-0.11442923628510471, ,
75,-0.07010376719040323, ,
76,-0.03777338773170413, ,
77,-0.5264759764249902, ,
78,-0.6327872286706224, ,
79,-0.016813817257343544, ,
80,0.07046672091746586, ,
81,0.17616562986609097, ,
82,0.2703123039509592, ,
83,0.19881249679792745, ,
84,0.22180787264028368, ,
85,0.6497646486081976, ,
86,0.7507876607858179, ,
87,0.09397574158947464, ,
88,-0.020064238643499266, ,
89,-0.1455863851133472, ,
90,-0.7689495616023123, ,
91,-0.8319984789713999, ,
92,-0.2541836023101496, ,
93,-0.09567468830209691, ,
94,0.034941033984296155, ,
95,0.17740978103597627, ,
96,0.1438251060278617, ,
97,0.1912402526072583, ,
98,0.13659650365912057, ,
99,0.6278205949058702, ,
100,0.20994739026468778, ,
101,-0.5594726219278527, ,
102,-0.04911796546093683, ,
103,-0.6048567018519861, ,
104,-0.7294091095254771, ,
105,0.03623186129880196, ,
106,0.019049487217216665, ,
107,0.22786874629082376, ,
108,0.26974521011084107, ,
109,0.2242705472954185, ,
110,0.2397196779133992, ,
111,0.15105732327856458, ,
112,0.1306499611575873, ,
113,-0.43554724693285607, ,
114,-0.5926474258469625, ,
115,-0.5153840405755545, ,
116,-0.582417863523915, ,
117,0.1273889188087196, ,
118,0.2954530728959526, ,
119,-0.1744187343674639, ,
120,-0.17944143591694228, ,
121,0.2873211159258062, ,
122,0.3737362646902511, ,
123,0.3600969986871405, ,
124,0.9099115002634335, ,
125,0.9055661319137016, ,
126,0.7779300761978902, ,
127,0.723671888040144, ,
128,-0.04227899423199233, ,
129,-0.2671515202653154, ,
130,-0.34162199868592324, ,
131,0.028920281296677786, ,
132,0.28646455819080074, ,
133,-0.32727015010186733, ,
134,-0.2862791016327719, ,
135,-0.3321197493798991, ,
136,-0.8663221665970013, ,
137,-0.8667677290691245, ,
138,-0.2536191254125697, ,
139,-0.06582985961176746, ,
140,0.07100163925224479, ,
141,0.21789639316352805, ,
142,0.17906794651889868, ,
143,-0.2876059418222212, ,
144,-0.4765136831633754, ,
145,0.10981230486436289, ,
146,0.14755943373506852, ,
147,0.21646380237825724, ,
148,0.28889847485993414, ,
149,0.19511511743758092, ,
150,0.2117057486414069, ,
151,0.12494649051677698, ,
152,0.09947580279344947, ,
153,0.5620983327489739, ,
154,0.6580753072394145, ,
155,0.0317043620102595, ,
156,-0.06657275704537824, ,
157,-0.6828102535164362, ,
158,-0.9094023771613138, ,
159,0.28004378799323604, ,
160,0.4634031554642206, ,
161,0.03942302180939805, ,
162,0.08095529695265213, ,
163,-0.04696459705428424, ,
164,-0.08108716202536925, ,
165,-0.06900612106574044, ,
166,-0.09715637079330008, ,
167,-0.058763681708114746, ,
168,-0.5687365007515837, ,
169,-0.6701340379183875, ,
170,-0.5566614719898553, ,
171,-0.5921655956203722, ,
172,0.134394146218483, ,
173,0.3130310267229106, ,
174,-0.15313275614289523, ,
175,-0.15880825473323057, ,
176,0.30547769424629223, ,
177,-0.11999831713296771, ,
178,-0.26441699137308206, ,
179,0.38426615281014165, ,
180,-0.17727489449316636, ,
181,-0.2254922900146994, ,
182,0.37759092411192796, ,
183,0.338168785758171, ,
184,0.420293990899836, ,
185,0.9076878736054823, ,
186,0.9259755271139056, ,
187,0.7886557477104361, ,
188,1.2326609266347077, ,
189,0.6003454598392182, ,
190,-0.2459671770047862, ,
191,-0.3956065817271792, ,
192,-0.6432534787779787, ,
193,-0.09860611378962858, ,
194,0.09403730452254422, ,
195,-0.4213261530026102, ,
196,-0.36317372305438766, ,
197,-0.37748247954641556, ,
198,-0.3697237867138483, ,
199,-0.23922134700433162, ,
200,0.29147172285843226, ,
201,0.523718889988686, ,
202,-0.5587090362414528, ,
203,-0.7164416336288468, ,
204,-0.18409862637508922, ,
205,-0.18570505841330487, ,
206,0.001435740410897779, ,
207,0.5759096747208332, ,
208,0.20331115756948748, ,
209,0.017557226761937272, ,
210,0.12952706277064863, ,
211,-0.6290427648107197, ,
212,0.38918131507921316, ,
213,0.6399338447615719, ,
214,-0.07091204102903248, ,
215,0.10167048012499436, ,
216,-0.1602480205476695, ,
217,-0.1380484916912792, ,
218,-0.1371238074136727, ,
219,-0.15704517188623868, ,
220,-0.09035262017437162, ,
221,-0.09446481803070128, ,
222,-0.045869974826700854, ,
223,-0.03405377968601897, ,
224,-0.013503343145202962, ,
225,-5.709705042136193E-4, ,
226,0.003939913188332866, ,
227,0.010477895675421678, ,
228,0.009248359727507705, ,
229,-0.4977241550316194, ,
230,-0.6268767856709019, ,
231,-0.5260105743777785, ,
232,-1.0820578005650532, ,
233,-0.4945668297391421, ,
234,0.2901017294977919, ,
235,0.40604195110881847, ,
236,0.12482701326575807, ,
237,-1.0696721013607657, ,
238,-0.7799079579283443, ,
239,-0.08284687632681198, ,
240,-0.07625858930668983, ,
241,0.24620167522880365, ,
242,0.22306239011732032, ,
243,0.7704833361249257, ,
244,0.8750758224223318, ,
245,0.7084954559700236, ,
246,0.21959038778231843, ,
247,-0.1798034148851002, ,
248,0.3544903650483775, ,
249,0.7681728036511686, ,
250,0.9076623507394288, ,
251,0.3187059749718628, ,
252,0.1101210191179689, ,
253,0.01318326318482832, ,
254,0.32951627235024716, ,
255,-2.5831678840404493E-5, ,
256,-0.8039286352222916, ,
257,0.28939791779112056, ,
258,0.40611319018762515, ,
259,-0.1598907480070011, ,
260,-0.04035355374116989, ,
261,-0.22405202588970496, ,
262,0.3171966015347607, ,
263,-0.039893288781968295, ,

 ************, GATI FFT  : ,************ , , Removed 
0,61053.000118207034
1,3065.0973327318934
2,2859.166496893003
3,2657.3003094765277
4,2484.1266288528327
5,2084.976154942361
6,1879.0163818344238
7,1577.2165111543013
8,1298.26626397099
9,1039.4462963094782
10,753.8677224936092
11,420.409963286019
12,375.7827842832808
13,369.8965152328753
14,361.71086296479604
15,323.09132826859855
16,351.84957490789037
17,394.15055500731074
18,459.9754560350546
19,536.8154256373809
20,566.6708687879923
21,585.7078592023328
22,543.4151689420569
23,445.51653284388107
24,363.95248231051016
25,244.77191937498662
26,140.49454627577327
27,56.80575729341303
28,77.92480714492427
29,102.35653578041985
30,127.96548899467122
31,169.6478388426279
32,230.70892570692956
33,304.95209185387574
34,371.63457129662396
35,413.1366727240468
36,435.87586898903146
37,423.01469790580444
38,380.2609480956921
39,328.4494611722095
40,262.1926553822408
41,186.61431768460523
42,106.65424993014723
43,42.04994425479069
44,19.984939520551837
45,75.13132780508768
46,81.28634396059184
47,98.93453211478054
48,119.69577361769682
49,146.40888852945872
50,187.10371104431053
51,206.27571942331818
52,221.75931092738676
53,232.55593042642354
54,224.67066380854308
55,198.61509234455448
56,176.8639694243051
57,153.21057501676003
58,143.767153075835
59,139.09375324357103
60,148.15835430323202
61,149.92367154584537
62,141.02411997059093
63,124.06713564168139
64,112.18594356245707
65,75.99084848206937
66,57.55449862799818
67,55.189072247785106
68,71.47245575853748
69,86.01847070621646
70,97.03696441143228
71,102.90048115135528
72,105.71965997791041
73,115.97581580654762
74,121.76451420204121
75,139.25779880066955
76,157.08902767118323
77,171.7978873028091
78,170.5495043294151
79,154.39560466732706
80,125.8352024383642
81,97.86135061014818
82,70.47946331234897
83,40.46993012519183
84,38.114818210812594
85,61.774068482480814
86,66.1179923607831
87,74.8876681102132
88,69.28899425853318
89,77.73376537097604
90,101.46948821784298
91,108.38628350797327
92,130.80108914331416
93,145.95019241508768
94,143.4755958580185
95,131.4822205151358
96,113.0290641308308
97,85.78058937125468
98,52.0803372890013
99,41.06180730856696
100,49.213694544356905
101,68.81757804716437
102,73.07844840479173
103,69.9196733797177
104,65.73537685500183
105,62.071839536407495
106,66.19267855288427
107,89.7167089457868
108,103.49121119973509
109,102.5546634233265
110,106.22045922258188
111,93.41916390374006
112,83.38705923662684
113,58.74924626944271
114,49.54152740502995
115,52.9699979097423
116,71.6598044097707
117,82.96570095130282
118,87.49761456588317
119,85.33299694965487
120,70.44310305578423
121,63.93549528174791
122,57.11295488119332
123,64.73433497338878
124,76.32037426225229
125,84.99511031444196
126,77.44530183864485
127,76.74292269397043
128,67.10552906704125
129,54.627953232283716
130,48.58808971489712
131,58.20735103421788
132,77.73062795820961
133,87.27733478895762
134,106.7190836023316
135,106.03734425368624
136,87.95816050366496
137,73.82212739099413
138,59.433683327267765
139,52.232278722079556
140,48.13738801257921
141,54.517604178557576
142,60.64446362855518
143,64.52876115651546
144,63.75058030740258
145,65.44654922260399
146,61.15631333099394
147,67.2570558773397
148,74.34587637257194
149,84.38944992341104
150,93.74359053523733
151,0.0
152,0.0
153,0.0
154,0.0
155,0.0
156,0.0
157,0.0
158,0.0
159,0.0
160,0.0
161,0.0
162,0.0
163,0.0
164,0.0
165,0.0
166,0.0
167,0.0
168,0.0
169,0.0
170,0.0
171,0.0
172,0.0
173,0.0
174,0.0
175,0.0
176,0.0
177,0.0
178,0.0
179,0.0
180,0.0
181,0.0
182,0.0
183,0.0
184,0.0
185,0.0
186,0.0
187,0.0
188,0.0
189,0.0
190,0.0
191,0.0
192,0.0
193,0.0
194,0.0
195,0.0
196,0.0
197,0.0
198,0.0
199,0.0
200,0.0
201,0.0
202,0.0
203,0.0
204,0.0
205,0.0
206,0.0
207,0.0
208,0.0
209,0.0
210,0.0
211,0.0
212,0.0
213,0.0
214,0.0
215,0.0
216,0.0
217,0.0
218,0.0
219,0.0
220,0.0
221,0.0
222,0.0
223,0.0
224,0.0
225,0.0
226,0.0
227,0.0
228,0.0
229,0.0
230,0.0
231,0.0
232,0.0
233,0.0
234,0.0
235,0.0
236,0.0
237,0.0
238,0.0
239,0.0
240,0.0
241,0.0
242,0.0
243,0.0
244,0.0
245,0.0
246,0.0
247,0.0
248,0.0
249,0.0
250,0.0
251,0.0
252,0.0
253,0.0
254,0.0
255,0.0
256,0.0
257,0.0
258,0.0
259,0.0
260,0.0
261,0.0
262,0.0
263,0.0
264,0.0
265,0.0
266,0.0
267,0.0
268,0.0
269,0.0
270,0.0
271,0.0
272,0.0
273,0.0
274,0.0
275,0.0
276,0.0
277,0.0
278,0.0
279,0.0
280,0.0
281,0.0
282,0.0
283,0.0
284,0.0
285,0.0
286,0.0
287,0.0
288,0.0
289,0.0
290,0.0
291,0.0
292,0.0
293,0.0
294,0.0
295,0.0
296,0.0
297,0.0
298,0.0
299,0.0
300,0.0
