**** , USER DATA ,****,
, Device Info, 
-------------------------------------
Model :SM-A505F
Device: a50
Manufacturer: samsung
Board: exynos9610
Brand: samsung
SDK or OS  : 30
versionRelease: 11
VERSION_CODE: 5
VERSION_NAME: 1.0
-------------------------------------

 Unique file Id,38182, 
 Front Face,true, 
 Sampling Rate  : 9,

Id provided by Hospital or Entered manually or Randomly generated, 
20220111_112313-SM-A505F-12, 

 ************, User Manual Data : ,************ ,  

Gender,Male,
height,10,
weight,10,
Age,29,
BPsystolic(Manual),110,
BPdiastolic(Manual),70,
heartrate(Manual),10,
Medication,0,
Place ,,

 ************ , Advance Settings ,************ , 

 ************, 
 {hsvMin=60.0, hsvMax=340.0, saturationMin=0.4, saturationMax=1.0, brightnessMin=0.0, brightnessMax=1.0} ,************ ,  

 
  ************, Calculated : ,************

BMI,999,
BMR,55,
BPsystolic,80,
BPdiastolic,96,
Heartrate,78,
Respirationrate,9,
Rythm,Pitta/Kapha(Reg),
Kathinya,13,
Kapha,33.33  %,
Vata,33.33  %,
Pitta,33.33  %,
Tala Result,0.004685697530139411,
Variance Of Heart Rate,0.7176525122380614,
BSA,0.10147669720569867,
ET,252.57,
SV,-11.257841432889776,
PP,-12.210240165824054,
MPP,92.5,

 ************, KPV2 ,************
K2 , 37.51  %P2 , 30.81  %V2 , 31.68  %
PPG,


Colors Code , RED , GREEN , BLUE , H, S, V , GOOD SIGNAL HSV AVG ( per sec)  , <.1
0,78.0,62.0,61.0,25.964912,0.84653467,0.7921569,96.33333333333333
1,78.0,56.0,55.0,26.315788,0.84653467,0.7921569,124.11111111111111
2,82.0,54.0,53.0,26.315788,0.84236455,0.79607844,192.11111111111111
3,89.0,55.0,52.0,26.470589,0.84158415,0.7921569,221.88888888888889
4,93.0,54.0,50.0,26.315788,0.84653467,0.7921569,224.33333333333334
5,95.0,52.0,47.0,26.315788,0.84653467,0.7921569,226.33333333333334
6,93.0,43.0,37.0,26.470589,0.84158415,0.7921569,227.22222222222223
7,86.0,28.0,22.0,26.315788,0.84236455,0.79607844,226.22222222222223
8,84.0,21.0,13.0,26.666666,0.84236455,0.79607844,228.0
9,89.0,19.0,8.0,26.666666,0.84236455,0.79607844,227.88888888888889
10,109.0,29.0,14.0,26.470589,0.84158415,0.7921569,228.44444444444446
11,128.0,42.0,24.0,26.470589,0.84158415,0.7921569,229.0
12,142.0,58.0,38.0,26.315788,0.84236455,0.79607844,225.77777777777777
13,145.0,61.0,42.0,26.666666,0.84236455,0.79607844,225.0
14,144.0,61.0,42.0,26.666666,0.84236455,0.79607844,225.33333333333334
15,140.0,61.0,41.0,26.666666,0.84236455,0.79607844,221.0
16,106.0,24.0,10.0,26.470589,0.84158415,0.7921569,219.22222222222223
17,98.0,14.0,3.0,26.315788,0.84653467,0.7921569,219.55555555555554
18,105.0,10.0,0.0,26.315788,0.84653467,0.7921569,219.44444444444446
19,114.0,11.0,0.0,26.315788,0.84653467,0.7921569,219.55555555555554
20,134.0,20.0,1.0,26.470589,0.84158415,0.7921569,220.11111111111111
21,198.0,69.0,25.0,26.470589,0.84158415,0.7921569,219.44444444444446
22,210.0,79.0,31.0,26.117647,0.84577113,0.7882353,220.77777777777777
23,212.0,82.0,31.0,26.117647,0.84577113,0.7882353,217.66666666666666
24,213.0,82.0,32.0,26.117647,0.84577113,0.7882353,216.33333333333334
25,215.0,84.0,33.0,26.117647,0.84577113,0.7882353,217.33333333333334
26,216.0,85.0,32.0,25.964912,0.84653467,0.7921569,217.44444444444446
27,217.0,87.0,34.0,26.315788,0.84653467,0.7921569,217.11111111111111
28,219.0,89.0,35.0,26.315788,0.84653467,0.7921569,210.66666666666666
29,221.0,90.0,36.0,26.117647,0.84577113,0.7882353,202.11111111111111
30,222.0,91.0,36.0,25.764706,0.84577113,0.7882353,202.33333333333334
31,222.0,91.0,36.0,25.964912,0.84653467,0.7921569,202.44444444444446
32,222.0,92.0,36.0,26.315788,0.84653467,0.7921569,201.44444444444446
33,222.0,92.0,36.0,67.22222222222223
34,223.0,93.0,37.0
35,223.0,93.0,37.0
36,223.0,94.0,37.0
37,223.0,94.0,37.0
38,223.0,94.0,37.0
39,224.0,94.0,37.0
40,224.0,95.0,37.0
41,225.0,96.0,38.0
42,225.0,96.0,38.0
43,225.0,96.0,38.0
44,225.0,96.0,38.0
45,225.0,97.0,38.0
46,225.0,97.0,38.0
47,226.0,97.0,38.0
48,226.0,98.0,39.0
49,227.0,99.0,39.0
50,226.0,98.0,38.0
51,226.0,98.0,38.0
52,227.0,99.0,38.0
53,227.0,99.0,39.0
54,227.0,99.0,39.0
55,227.0,100.0,39.0
56,228.0,101.0,39.0
57,228.0,100.0,39.0
58,227.0,100.0,39.0
59,227.0,100.0,39.0
60,227.0,100.0,39.0
61,227.0,100.0,39.0
62,227.0,100.0,39.0
63,227.0,100.0,39.0
64,226.0,100.0,39.0
65,226.0,99.0,38.0
66,226.0,99.0,38.0
67,226.0,98.0,38.0
68,226.0,98.0,38.0
69,226.0,98.0,38.0
70,226.0,99.0,38.0
71,227.0,99.0,38.0
72,227.0,99.0,38.0
73,227.0,99.0,38.0
74,228.0,100.0,38.0
75,228.0,100.0,39.0
76,228.0,101.0,39.0
77,229.0,101.0,39.0
78,228.0,101.0,40.0
79,228.0,101.0,39.0
80,228.0,100.0,39.0
81,228.0,101.0,39.0
82,228.0,101.0,39.0
83,228.0,101.0,39.0
84,229.0,102.0,39.0
85,228.0,101.0,39.0
86,228.0,101.0,39.0
87,227.0,100.0,39.0
88,227.0,100.0,39.0
89,228.0,101.0,38.0
90,228.0,101.0,39.0
91,228.0,101.0,39.0
92,228.0,101.0,39.0
93,228.0,101.0,39.0
94,228.0,101.0,39.0
95,228.0,102.0,39.0
96,229.0,102.0,39.0
97,229.0,103.0,40.0
98,229.0,103.0,40.0
99,229.0,102.0,40.0
100,229.0,103.0,40.0
101,229.0,103.0,40.0
102,230.0,104.0,40.0
103,230.0,104.0,40.0
104,230.0,105.0,41.0
105,230.0,105.0,41.0
106,228.0,106.0,42.0
107,227.0,106.0,43.0
108,228.0,106.0,43.0
109,228.0,107.0,43.0
110,228.0,108.0,43.0
111,228.0,108.0,44.0
112,226.0,112.0,46.0
113,225.0,111.0,46.0
114,224.0,110.0,45.0
115,224.0,110.0,45.0
116,224.0,110.0,45.0
117,225.0,110.0,45.0
118,225.0,111.0,46.0
119,225.0,111.0,46.0
120,225.0,111.0,46.0
121,225.0,111.0,46.0
122,225.0,110.0,45.0
123,225.0,110.0,46.0
124,225.0,111.0,46.0
125,225.0,111.0,46.0
126,225.0,111.0,46.0
127,225.0,112.0,47.0
128,225.0,111.0,46.0
129,225.0,111.0,46.0
130,225.0,111.0,46.0
131,225.0,111.0,46.0
132,225.0,111.0,46.0
133,226.0,112.0,46.0
134,226.0,112.0,47.0
135,226.0,113.0,47.0
136,226.0,113.0,47.0
137,223.0,115.0,49.0
138,220.0,115.0,47.0
139,220.0,115.0,46.0
140,220.0,115.0,46.0
141,220.0,115.0,46.0
142,220.0,115.0,46.0
143,220.0,115.0,46.0
144,220.0,115.0,46.0
145,219.0,115.0,46.0
146,219.0,114.0,45.0
147,219.0,114.0,45.0
148,219.0,114.0,46.0
149,219.0,115.0,46.0
150,220.0,115.0,46.0
151,220.0,115.0,46.0
152,219.0,114.0,46.0
153,219.0,114.0,46.0
154,219.0,114.0,46.0
155,219.0,114.0,46.0
156,220.0,115.0,46.0
157,220.0,115.0,46.0
158,220.0,115.0,46.0
159,219.0,114.0,45.0
160,219.0,114.0,46.0
161,220.0,114.0,46.0
162,220.0,115.0,46.0
163,220.0,115.0,46.0
164,220.0,115.0,46.0
165,220.0,116.0,46.0
166,220.0,116.0,46.0
167,219.0,115.0,46.0
168,219.0,114.0,45.0
169,219.0,114.0,45.0
170,219.0,114.0,45.0
171,219.0,115.0,45.0
172,220.0,115.0,46.0
173,220.0,115.0,46.0
174,219.0,114.0,45.0
175,219.0,114.0,45.0
176,219.0,114.0,45.0
177,219.0,115.0,46.0
178,220.0,115.0,46.0
179,220.0,115.0,46.0
180,220.0,116.0,46.0
181,220.0,115.0,46.0
182,219.0,115.0,46.0
183,220.0,115.0,46.0
184,220.0,115.0,46.0
185,220.0,116.0,46.0
186,220.0,116.0,46.0
187,221.0,116.0,47.0
188,221.0,117.0,47.0
189,220.0,117.0,47.0
190,219.0,115.0,46.0
191,219.0,114.0,45.0
192,219.0,114.0,45.0
193,219.0,115.0,45.0
194,219.0,115.0,45.0
195,220.0,115.0,46.0
196,220.0,116.0,46.0
197,220.0,116.0,46.0
198,220.0,115.0,46.0
199,220.0,115.0,46.0
200,220.0,116.0,46.0
201,221.0,116.0,46.0
202,221.0,117.0,47.0
203,221.0,117.0,47.0
204,221.0,116.0,46.0
205,221.0,117.0,46.0
206,221.0,117.0,47.0
207,221.0,117.0,47.0
208,221.0,118.0,47.0
209,221.0,118.0,47.0
210,217.0,114.0,44.0
211,216.0,113.0,43.0
212,216.0,113.0,43.0
213,217.0,113.0,44.0
214,217.0,114.0,44.0
215,217.0,114.0,44.0
216,217.0,113.0,44.0
217,216.0,112.0,43.0
218,216.0,112.0,43.0
219,216.0,112.0,43.0
220,217.0,113.0,43.0
221,217.0,113.0,44.0
222,217.0,113.0,44.0
223,216.0,113.0,43.0
224,216.0,112.0,43.0
225,216.0,113.0,43.0
226,217.0,113.0,44.0
227,217.0,114.0,44.0
228,218.0,114.0,44.0
229,218.0,114.0,44.0
230,217.0,114.0,44.0
231,217.0,114.0,44.0
232,217.0,114.0,44.0
233,217.0,114.0,44.0
234,218.0,115.0,44.0
235,218.0,115.0,44.0
236,218.0,115.0,45.0
237,218.0,115.0,45.0
238,217.0,114.0,44.0
239,217.0,114.0,44.0
240,217.0,114.0,44.0
241,217.0,114.0,44.0
242,217.0,114.0,44.0
243,218.0,115.0,44.0
244,218.0,115.0,45.0
245,217.0,114.0,44.0
246,217.0,114.0,44.0
247,217.0,114.0,44.0
248,217.0,114.0,44.0
249,218.0,115.0,45.0
250,218.0,115.0,45.0
251,217.0,115.0,45.0
252,215.0,114.0,39.0
253,213.0,115.0,36.0
254,213.0,115.0,36.0
255,213.0,115.0,36.0
256,213.0,116.0,36.0
257,212.0,116.0,37.0
258,212.0,116.0,37.0
259,209.0,114.0,35.0
260,207.0,111.0,34.0
261,204.0,108.0,31.0
262,202.0,106.0,31.0
263,202.0,106.0,32.0
264,202.0,106.0,32.0
265,202.0,106.0,31.0
266,202.0,105.0,31.0
267,202.0,105.0,31.0
268,202.0,105.0,31.0
269,202.0,106.0,31.0
270,203.0,107.0,32.0
271,202.0,107.0,32.0
272,202.0,106.0,31.0
273,202.0,106.0,31.0
274,202.0,107.0,32.0
275,203.0,107.0,32.0
276,203.0,108.0,32.0
277,203.0,108.0,32.0
278,202.0,107.0,32.0
279,202.0,107.0,32.0
280,203.0,107.0,32.0
281,203.0,108.0,32.0
282,203.0,108.0,32.0
283,203.0,108.0,32.0
284,202.0,107.0,32.0
285,202.0,106.0,31.0
286,202.0,106.0,31.0
287,202.0,106.0,31.0
288,202.0,107.0,32.0
289,202.0,107.0,32.0
290,201.0,105.0,31.0
291,201.0,105.0,31.0
292,201.0,105.0,31.0
293,201.0,105.0,31.0
294,202.0,105.0,31.0
295,202.0,106.0,31.0
296,202.0,106.0,31.0
297,201.0,105.0,31.0
298,201.0,104.0,31.0
299,202.0,105.0,31.0
300,202.0,106.0,31.0

 ************, After Bandpass: ,************
central frequency  ,2.25 
Width frequency  , 3.16 

 ************, PPG Signal : ,************ , , Removed 
0,0.3689215186943784, ,,-78.0
1,0.5088313916323841, ,,-78.0
2,0.9700414139347231, ,,-82.0
3,1.0983441728676553, ,,-89.0
4,0.865470353498722, ,,-93.0
5,0.8439850080185352, ,,-95.0
6,0.02763711853822315, ,,-93.0
7,-0.2177714755625857, ,,-86.0
8,-0.30690763831330514, ,,-84.0
9,-0.4697683883200625, ,,-89.0
10,0.1660733701960453, ,,55.34305727042914
11,0.27635230055830107, ,,78.8251624574589
12,0.29505497558102434, ,,21.817968551472177
13,-0.1086676766221899, ,,4.7602394660973175
14,-0.8827558198840961, ,,-16.983523716349964
15,0.11896934318383501, ,,-34.467519474911285
16,0.3195241890662146, ,,-47.60491009438499
17,-0.27375963687882177, ,,-56.63465688398048
18,-0.1037560828021924, ,,-24.28254742108811
19,0.23449362774135807, ,,-6.825197335790222
20,0.4137186426742119, ,,11.098099391497612
21,-0.6601025843904154, ,,48.84301264466626
22,-0.857507966972662, ,,51.187235700369
23,-0.2737039276098585, ,,14.58675414333527
24,-0.27742153369194966, ,,-0.8556219318390959
25,-0.0536738811917985, ,,-10.61481063228291
26,0.029414224871516126, ,,-17.94529780372909
27,-0.45314607287946274, ,,-16.769776239206294
28,-0.5209745617858061, ,,-16.71253643857176
29,0.05775667512330074, ,,-11.833273047036982
30,0.14983524089620914, ,,-9.623049767840484
31,0.22605561246382422, ,,-7.3305729852972945
32,0.30734614347261413, ,,-5.350977505036553
33,0.22097941809238364, ,,-3.5864979002035398
34,0.7384483946482305, ,,-1.3764580803851914
35,0.7799798334947354, ,,-0.23825598065263875
36,0.13672670156302047, ,,0.039073599388530056
37,0.5163597608163855, ,
38,0.5021214912023879, ,
39,-0.22232916839311656, ,
40,0.2546413694592502, ,
41,-0.26254269399032637, ,
42,-1.0224452418115106, ,
43,-0.39823806072263324, ,
44,-0.4027310719293382, ,
45,-0.2788765325017266, ,
46,-0.06856387138213904, ,
47,0.41162459061092704, ,
48,0.1746750721058561, ,
49,-0.5896560098965438, ,
50,-0.525000578857771, ,
51,-0.6851875944566928, ,
52,0.434681219275717, ,
53,0.8040074813118281, ,
54,0.18562391770387876, ,
55,0.29998569180247614, ,
56,0.05866313492606423, ,
57,0.0067858205588891, ,
58,-0.018624497300152143, ,
59,0.4232559359406878, ,
60,0.5834566533878842, ,
61,-0.05169356996930219, ,
62,-0.10408666841408376, ,
63,-0.20455525509487416, ,
64,-0.2857356793924737, ,
65,0.30439896937195954, ,
66,0.41079498928706926, ,
67,-0.11311176992921901, ,
68,-0.1681258238497776, ,
69,-1.2413744052360016, ,
70,-2.065260710310895, ,
71,-0.37569387096345963, ,
72,0.5160527322320831, ,
73,0.2795887133590895, ,
74,0.5243994580118851, ,
75,-0.5970960823276528, ,
76,-1.4401592310414344, ,
77,-0.8977505781131185, ,
78,-0.3871998412910216, ,
79,0.4823829152066992, ,
80,1.2841337275569913, ,
81,1.4461377949207872, ,
82,0.8843865519891096, ,
83,0.5909337752552801, ,
84,0.3852941213349368, ,
85,0.09698981494670988, ,
86,0.04015287225593056, ,
87,-0.09693951914368881, ,
88,-0.10453783880552692, ,
89,-0.1257282535284503, ,
90,-0.1152974100693882, ,
91,-0.09031452979115784, ,
92,-0.07342911385171647, ,
93,-0.045451056383626565, ,
94,-0.02994361981700422, ,
95,-0.013054371464932046, ,
96,0.5045050243300011, ,
97,0.6379817449537768, ,
98,0.03154240152503007, ,
99,-0.04809326723079721, ,
100,-1.6771278319192788, ,
101,-3.6775288996211657, ,
102,-2.159391970124716, ,
103,-0.1148858852086505, ,
104,0.5200980186709785, ,
105,1.1452402110867297, ,
106,1.266495878896194, ,
107,1.1687250357249468, ,
108,0.5253322434903112, ,
109,0.11588746843517583, ,
110,0.5266140099395216, ,
111,0.38182069270646934, ,
112,0.33366139675513296, ,
113,0.8181906575896392, ,
114,0.7971542101809064, ,
115,-0.33321271276076914, ,
116,-0.6382198181149761, ,
117,-0.15472412786948553, ,
118,-0.2053074360867413, ,
119,0.46069794776553863, ,
120,0.6536026485539423, ,
121,0.045500357045966666, ,
122,-0.4862372936840984, ,
123,-0.7495472046077793, ,
124,0.28914147516661615, ,
125,0.5442778799124426, ,
126,0.0056986363345004065, ,
127,0.08772967872141635, ,
128,-0.07593914626954756, ,
129,-0.10415031359070781, ,
130,-0.594836731776013, ,
131,-0.7539570553499289, ,
132,-0.09301187854771342, ,
133,-0.01661967669178921, ,
134,0.12217462384160171, ,
135,0.7369489117577359, ,
136,0.8080444441798136, ,
137,-0.27202528531438475, ,
138,-0.55346122216406, ,
139,-0.06668330603270078, ,
140,-0.1265037754169498, ,
141,0.5248139449222435, ,
142,0.700644854574648, ,
143,0.07695620981894535, ,
144,0.039648287295449336, ,
145,-0.6145126083961259, ,
146,-0.32005065890189144, ,
147,0.46075326743630285, ,
148,-0.10548024613035523, ,
149,-0.01319400941110871, ,
150,0.4955524422327926, ,
151,0.49979417461645426, ,
152,-0.49657476325296557, ,
153,-1.2968002752909342, ,
154,-0.8462613112631061, ,
155,-0.2663297626431813, ,
156,0.009158869823068017, ,
157,0.1977463860634998, ,
158,0.8073626054713259, ,
159,0.9277397711775848, ,
160,0.30718947039281375, ,
161,0.16341364959657767, ,
162,0.00643944624971482, ,
163,-0.14574479606176283, ,
164,0.384881639568448, ,
165,0.4516288976683427, ,
166,-0.10748054442001376, ,
167,-0.17847867775208215, ,
168,-0.24815182872407604, ,
169,-0.31282303466309713, ,
170,-0.22375244360750912, ,
171,-0.22664976828968975, ,
172,-0.14004545640523247, ,
173,-2.1374164528401707, ,
174,-3.1051172152017443, ,
175,-0.7568733597659048, ,
176,0.7011103185529919, ,
177,1.3503376309231498, ,
178,1.229568576182146, ,
179,0.9713287256918193, ,
180,0.3905837754127788, ,
181,-0.11774464174095556, ,
182,0.38747298366342875, ,
183,0.7427669619239623, ,
184,0.8760313141385723, ,
185,0.27370085179177295, ,
186,-0.4401244830730775, ,
187,-0.6569107808350054, ,
188,-0.23210147225972833, ,
189,0.4175199477137994, ,
190,0.589627250394642, ,
191,0.6444935115123371, ,
192,0.6410799768084416, ,
193,-0.5204331636543884, ,
194,-0.8628511524220812, ,
195,-0.2943709721803316, ,
196,-0.3547634263486543, ,
197,0.38139931144155526, ,
198,0.5913613328607426, ,
199,0.016191897482940476, ,
200,0.012737158565869322, ,
201,-0.6219970500224008, ,
202,-0.8169093392743889, ,
203,-0.1588891172386866, ,
204,-0.11034818355778953, ,
205,0.060375752943400585, ,
206,0.6725992647004659, ,
207,0.7685019593045581, ,
208,-0.3009246598765003, ,
209,-0.5701172218416559, ,
210,-0.07278428363429157, ,
211,-0.12821690547957587, ,
212,0.5285277856571611, ,
213,0.7051408958323009, ,
214,-0.4251765172332398, ,
215,-1.6054605506340067, ,
216,-2.411725787492742, ,
217,-1.4517654292865245, ,
218,0.07799453658549282, ,
219,0.5085845090779912, ,
220,0.399439983129696, ,
221,0.36151960182905896, ,
222,-0.6739354089909284, ,
223,-2.0898289622441553, ,
224,-2.158263503297576, ,
225,-2.1476391830951798, ,
226,-0.32882147389386773, ,
227,1.5407696781867344, ,
228,1.840885775292918, ,
229,2.1967049843324276, ,
230,1.9290892388744396, ,
231,1.5980147333223158, ,
232,1.2212143924725751, ,
233,1.3047201515958022, ,
234,0.6280257915823313, ,
235,-0.3885975527755363, ,
236,-0.02494417531329418, ,
237,-0.16868953095286088, ,
238,0.2909622037157078, ,
239,0.5641537668486762, ,
240,-0.13884784244464754, ,
241,-0.6010897079681854, ,
242,-0.863500913855205, ,
243,0.20842852221176145, ,
244,0.49569848558940066, ,
245,-0.029521317697344784, ,
246,0.07784983234705578, ,
247,-0.5878595025599225, ,
248,-0.7323192320495764, ,
249,-0.10279719374307206, ,
250,-0.053416996277064754, ,
251,0.10296236685894655, ,
252,0.19181639316707333, ,
253,-0.3536111875471306, ,
254,-0.44468904426844347, ,
255,0.10025402208384548, ,
256,0.1678231238954595, ,
257,0.7390327526582041, ,
258,0.9338314364742928, ,
259,0.23469472214537745, ,
260,-0.3469015173582193, ,
261,-0.6636740098770133, ,
262,0.3282542006472795, ,
263,0.5594563214237951, ,

 ************, GATI FFT  : ,************ , , Removed 
0,63533.000349170616
1,3217.384556894137
2,2829.904051382629
3,2059.7067121560885
4,1915.3415573913464
5,1680.3250191106351
6,1645.7030044843505
7,1461.075469214575
8,1181.0349084906047
9,915.7632381990761
10,654.1368454789873
11,532.7569427498327
12,293.25630450615034
13,275.1288994169807
14,273.0780658342231
15,319.9230256777229
16,401.3250051551491
17,489.8078789071306
18,499.61974824291264
19,563.4767651141113
20,571.331782394292
21,527.6997702165803
22,535.6012566556745
23,448.84354154530894
24,387.47000100412015
25,291.9423150329813
26,214.19354156777348
27,159.1646105597636
28,114.50895837151148
29,90.09114512601305
30,186.35651376458586
31,260.2152203429595
32,302.70656048443635
33,345.62954704837813
34,370.2017660201163
35,388.02480906761815
36,383.5091327877814
37,396.8709927386549
38,365.77116811286265
39,309.4758231820183
40,276.0254297798617
41,195.99058588113772
42,200.43287343846885
43,156.34304882362514
44,81.81233367189401
45,72.55330478320165
46,107.26156707508538
47,115.75947678070762
48,150.25282541150713
49,165.35824776917795
50,186.38223221845246
51,180.7095005033111
52,170.62214086407033
53,169.96842101467942
54,138.71406878908147
55,122.52068521439708
56,95.03185362770503
57,85.33990720023363
58,50.886196227872006
59,72.59822203614175
60,77.59715785004765
61,95.58635496130145
62,108.16216292472464
63,116.13975435374132
64,112.53853362218767
65,121.23184936066504
66,123.44687765767536
67,112.21546543058787
68,96.70349252971504
69,78.10536980195742
70,77.65525244068807
71,61.071079295268476
72,74.03357141689314
73,93.96663346036948
74,103.44276099041042
75,109.26051615583218
76,134.48539205478923
77,133.38742095684069
78,130.32455995618582
79,134.26907908349295
80,125.11929898900641
81,106.51869312220175
82,79.9616105290187
83,73.91757915541264
84,43.27905075011696
85,34.35248331047552
86,27.68158746919165
87,53.83283112837432
88,62.86602856412249
89,88.23901965762381
90,103.39497804301804
91,112.92482018947963
92,124.08909435049787
93,124.68592896316092
94,120.36018430652571
95,107.0042285797887
96,106.96966269232531
97,87.45774429642412
98,59.81208178528251
99,59.29796212480668
100,42.262331503178196
101,33.86956688548962
102,38.692518248129076
103,48.71775110488311
104,61.767033056647
105,73.10919473899014
106,84.19327818293502
107,100.78385789161716
108,96.11786276573862
109,96.38590359693788
110,90.41219283542664
111,81.56157692553718
112,73.75312707251437
113,68.49049480518619
114,57.61798020273608
115,45.22064262958214
116,46.3641565280479
117,42.96450620126574
118,50.74759997835533
119,67.34799911530142
120,66.15691136095369
121,72.86711743730173
122,68.05626215628413
123,71.46358441149195
124,66.00523426259433
125,59.01770078643961
126,52.37148837102277
127,51.32436024122243
128,50.45600899676642
129,52.98660962657844
130,58.64756239392458
131,67.22423785618842
132,74.54185798786106
133,74.75566407810147
134,81.27880744617734
135,88.93393041416991
136,88.03209268490443
137,85.12836728902722
138,80.93615123106508
139,71.52755058993526
140,54.63718365468994
141,45.41982805391054
142,43.859719987890166
143,41.42937277550243
144,39.645257410366156
145,47.57313880458503
146,59.76156676124571
147,64.90227587857277
148,72.45843491731411
149,85.07874870404684
150,89.07411714045688
151,0.0
152,0.0
153,0.0
154,0.0
155,0.0
156,0.0
157,0.0
158,0.0
159,0.0
160,0.0
161,0.0
162,0.0
163,0.0
164,0.0
165,0.0
166,0.0
167,0.0
168,0.0
169,0.0
170,0.0
171,0.0
172,0.0
173,0.0
174,0.0
175,0.0
176,0.0
177,0.0
178,0.0
179,0.0
180,0.0
181,0.0
182,0.0
183,0.0
184,0.0
185,0.0
186,0.0
187,0.0
188,0.0
189,0.0
190,0.0
191,0.0
192,0.0
193,0.0
194,0.0
195,0.0
196,0.0
197,0.0
198,0.0
199,0.0
200,0.0
201,0.0
202,0.0
203,0.0
204,0.0
205,0.0
206,0.0
207,0.0
208,0.0
209,0.0
210,0.0
211,0.0
212,0.0
213,0.0
214,0.0
215,0.0
216,0.0
217,0.0
218,0.0
219,0.0
220,0.0
221,0.0
222,0.0
223,0.0
224,0.0
225,0.0
226,0.0
227,0.0
228,0.0
229,0.0
230,0.0
231,0.0
232,0.0
233,0.0
234,0.0
235,0.0
236,0.0
237,0.0
238,0.0
239,0.0
240,0.0
241,0.0
242,0.0
243,0.0
244,0.0
245,0.0
246,0.0
247,0.0
248,0.0
249,0.0
250,0.0
251,0.0
252,0.0
253,0.0
254,0.0
255,0.0
256,0.0
257,0.0
258,0.0
259,0.0
260,0.0
261,0.0
262,0.0
263,0.0
264,0.0
265,0.0
266,0.0
267,0.0
268,0.0
269,0.0
270,0.0
271,0.0
272,0.0
273,0.0
274,0.0
275,0.0
276,0.0
277,0.0
278,0.0
279,0.0
280,0.0
281,0.0
282,0.0
283,0.0
284,0.0
285,0.0
286,0.0
287,0.0
288,0.0
289,0.0
290,0.0
291,0.0
292,0.0
293,0.0
294,0.0
295,0.0
296,0.0
297,0.0
298,0.0
299,0.0
300,0.0
