**** , USER DATA ,****,
, Device Info, 
-------------------------------------
Model :SM-A505F
Device: a50
Manufacturer: samsung
Board: exynos9610
Brand: samsung
SDK or OS  : 30
versionRelease: 11
VERSION_CODE: 5
VERSION_NAME: 1.0
-------------------------------------

 Unique file Id,38119, 
 Front Face,true, 
 Sampling Rate  : 9,

Id provided by Hospital or Entered manually or Randomly generated, 
20220111_112313-SM-A505F-03, 

 ************, User Manual Data : ,************ ,  

Gender,Female,
height,10,
weight,10,
Age,29,
BPsystolic(Manual),130,
BPdiastolic(Manual),80,
heartrate(Manual),10,
Medication,0,
Place ,,

 ************ , Advance Settings ,************ , 

 ************, 
 {hsvMin=60.0, hsvMax=340.0, saturationMin=0.4, saturationMax=1.0, brightnessMin=0.0, brightnessMax=1.0} ,************ ,  

 
  ************, Calculated : ,************

BMI,999,
BMR,55,
BPsystolic,67,
BPdiastolic,88,
Heartrate,83,
Respirationrate,15,
Rythm,Pitta/Kapha(Reg),
Kathinya,13,
Kapha,16.67  %,
Vata,50.00  %,
Pitta,33.33  %,
Tala Result,0.002554358697435342,
Variance Of Heart Rate,0.2149534569221262,
BSA,0.10147669720569867,
ET,252.57,
SV,-14.357841432889778,
PP,-15.917784293669378,
MPP,83.25,

 ************, KPV2 ,************
K2 , 39.18  %P2 , 34.71  %V2 , 26.11  %
PPG,


Colors Code , RED , GREEN , BLUE , H, S, V , GOOD SIGNAL HSV AVG ( per sec)  , <.1
0,105.0,99.0,99.0,14.328358,0.9054054,0.87058824,129.11111111111111,0.0
1,108.0,101.0,101.0,14.554456,0.9058296,0.8745098,116.77777777777777,0.0
2,111.0,103.0,103.0,14.554456,0.90178573,0.8784314,80.66666666666667
3,114.0,107.0,106.0,15.148516,0.90178573,0.8784314,205.88888888888889
4,117.0,110.0,109.0,15.148516,0.90178573,0.8784314,221.55555555555554
5,119.0,111.0,110.0,14.626865,0.9054054,0.87058824,221.77777777777777
6,120.0,113.0,112.0,14.554456,0.9099099,0.87058824,221.22222222222223
7,121.0,114.0,113.0,14.554456,0.9058296,0.8745098,221.0
8,123.0,116.0,114.0,14.626865,0.9013453,0.8745098,220.77777777777777
9,124.0,117.0,116.0,14.851485,0.90178573,0.8784314,220.0
10,125.0,118.0,117.0,14.925373,0.8973214,0.8784314,219.66666666666666
11,126.0,119.0,117.0,14.626865,0.9013453,0.8745098,218.88888888888889
12,127.0,120.0,118.0,14.328358,0.9054054,0.87058824,219.0
13,127.0,119.0,118.0,14.328358,0.9054054,0.87058824,220.11111111111111
14,122.0,113.0,112.0,14.554456,0.9058296,0.8745098,220.77777777777777
15,116.0,103.0,102.0,14.851485,0.90178573,0.8784314,220.55555555555554
16,106.0,88.0,86.0,14.925373,0.8973214,0.8784314,221.66666666666666
17,101.0,77.0,73.0,14.925373,0.8973214,0.8784314,222.0
18,101.0,71.0,67.0,14.626865,0.9013453,0.8745098,221.66666666666666
19,101.0,65.0,59.0,14.851485,0.90178573,0.8784314,221.88888888888889
20,103.0,59.0,50.0,14.851485,0.90178573,0.8784314,220.77777777777777
21,96.0,44.0,35.0,15.148516,0.8977778,0.88235295,216.22222222222223
22,78.0,24.0,20.0,15.369458,0.8982301,0.8862745,219.22222222222223
23,47.0,2.0,1.0,15.742575,0.8938053,0.8862745,221.55555555555554
24,44.0,0.0,0.0,15.445545,0.8938053,0.8862745,222.88888888888889
25,66.0,1.0,0.0,15.445545,0.8977778,0.88235295,224.11111111111111
26,86.0,2.0,0.0,15.665025,0.8982301,0.8862745,223.77777777777777
27,105.0,2.0,0.0,15.445545,0.8938053,0.8862745,224.55555555555554
28,129.0,9.0,0.0,15.742575,0.8938053,0.8862745,224.55555555555554
29,205.0,52.0,19.0,15.665025,0.8942731,0.8901961,224.22222222222223
30,211.0,58.0,21.0,15.665025,0.8942731,0.8901961,223.11111111111111
31,216.0,67.0,24.0,15.148516,0.8977778,0.88235295,223.11111111111111
32,217.0,68.0,24.0,14.851485,0.90178573,0.8784314,224.66666666666666
33,218.0,70.0,24.0,200.66666666666666
34,219.0,72.0,25.0
35,219.0,72.0,25.0
36,219.0,72.0,25.0
37,220.0,73.0,25.0
38,221.0,74.0,25.0
39,221.0,75.0,26.0
40,222.0,76.0,26.0
41,222.0,76.0,26.0
42,222.0,76.0,26.0
43,222.0,76.0,26.0
44,222.0,76.0,26.0
45,222.0,76.0,27.0
46,223.0,77.0,27.0
47,223.0,77.0,27.0
48,222.0,77.0,27.0
49,221.0,76.0,26.0
50,221.0,75.0,26.0
51,221.0,75.0,26.0
52,221.0,76.0,27.0
53,222.0,77.0,27.0
54,222.0,78.0,27.0
55,222.0,78.0,27.0
56,221.0,75.0,26.0
57,221.0,74.0,25.0
58,221.0,74.0,25.0
59,221.0,75.0,25.0
60,222.0,75.0,26.0
61,222.0,76.0,26.0
62,221.0,75.0,25.0
63,220.0,73.0,24.0
64,221.0,73.0,24.0
65,221.0,73.0,25.0
66,221.0,74.0,25.0
67,222.0,75.0,26.0
68,222.0,76.0,26.0
69,221.0,73.0,25.0
70,220.0,72.0,24.0
71,220.0,72.0,24.0
72,221.0,73.0,24.0
73,221.0,73.0,24.0
74,221.0,74.0,25.0
75,221.0,74.0,25.0
76,220.0,71.0,23.0
77,220.0,70.0,23.0
78,220.0,71.0,23.0
79,221.0,71.0,23.0
80,221.0,72.0,24.0
81,222.0,72.0,24.0
82,221.0,71.0,24.0
83,220.0,69.0,22.0
84,220.0,69.0,23.0
85,220.0,70.0,23.0
86,220.0,70.0,23.0
87,221.0,71.0,24.0
88,220.0,71.0,23.0
89,219.0,68.0,22.0
90,219.0,68.0,22.0
91,220.0,69.0,23.0
92,220.0,70.0,23.0
93,221.0,71.0,23.0
94,221.0,70.0,23.0
95,219.0,67.0,22.0
96,218.0,66.0,21.0
97,219.0,66.0,22.0
98,219.0,67.0,22.0
99,220.0,68.0,22.0
100,220.0,69.0,23.0
101,218.0,66.0,21.0
102,218.0,65.0,21.0
103,218.0,66.0,21.0
104,219.0,67.0,22.0
105,219.0,68.0,22.0
106,220.0,69.0,23.0
107,220.0,69.0,22.0
108,218.0,65.0,21.0
109,218.0,64.0,20.0
110,218.0,65.0,21.0
111,219.0,66.0,21.0
112,220.0,67.0,21.0
113,220.0,68.0,22.0
114,220.0,68.0,22.0
115,219.0,65.0,21.0
116,218.0,64.0,20.0
117,219.0,65.0,21.0
118,219.0,66.0,21.0
119,220.0,68.0,22.0
120,221.0,69.0,22.0
121,221.0,69.0,22.0
122,219.0,67.0,21.0
123,219.0,66.0,21.0
124,220.0,67.0,21.0
125,221.0,68.0,22.0
126,221.0,70.0,22.0
127,222.0,71.0,23.0
128,221.0,69.0,22.0
129,219.0,66.0,21.0
130,220.0,67.0,21.0
131,220.0,68.0,21.0
132,221.0,69.0,22.0
133,222.0,70.0,22.0
134,222.0,71.0,23.0
135,220.0,68.0,21.0
136,219.0,66.0,20.0
137,220.0,66.0,21.0
138,220.0,67.0,21.0
139,221.0,69.0,22.0
140,222.0,70.0,22.0
141,222.0,71.0,22.0
142,221.0,69.0,22.0
143,220.0,66.0,21.0
144,220.0,67.0,21.0
145,221.0,68.0,21.0
146,222.0,69.0,22.0
147,222.0,71.0,22.0
148,223.0,72.0,23.0
149,222.0,71.0,23.0
150,221.0,68.0,21.0
151,221.0,68.0,21.0
152,221.0,69.0,21.0
153,222.0,70.0,22.0
154,222.0,71.0,22.0
155,223.0,72.0,23.0
156,222.0,70.0,22.0
157,221.0,68.0,21.0
158,221.0,68.0,21.0
159,222.0,69.0,22.0
160,222.0,70.0,22.0
161,223.0,71.0,23.0
162,222.0,70.0,22.0
163,221.0,68.0,21.0
164,221.0,68.0,21.0
165,222.0,69.0,22.0
166,222.0,71.0,22.0
167,223.0,72.0,23.0
168,222.0,70.0,22.0
169,221.0,68.0,21.0
170,221.0,68.0,21.0
171,222.0,70.0,22.0
172,223.0,71.0,22.0
173,223.0,72.0,23.0
174,221.0,69.0,21.0
175,221.0,67.0,21.0
176,221.0,68.0,21.0
177,222.0,69.0,21.0
178,223.0,70.0,22.0
179,222.0,70.0,22.0
180,221.0,67.0,20.0
181,220.0,67.0,20.0
182,221.0,67.0,21.0
183,222.0,69.0,21.0
184,222.0,70.0,22.0
185,222.0,69.0,21.0
186,220.0,66.0,20.0
187,220.0,66.0,20.0
188,220.0,67.0,20.0
189,220.0,67.0,21.0
190,219.0,66.0,20.0
191,216.0,61.0,19.0
192,214.0,59.0,18.0
193,215.0,60.0,18.0
194,216.0,61.0,19.0
195,217.0,63.0,19.0
196,217.0,62.0,19.0
197,216.0,60.0,18.0
198,216.0,61.0,19.0
199,217.0,62.0,19.0
200,219.0,64.0,20.0
201,219.0,65.0,20.0
202,218.0,62.0,19.0
203,218.0,62.0,19.0
204,219.0,64.0,20.0
205,220.0,66.0,20.0
206,221.0,68.0,21.0
207,222.0,69.0,21.0
208,221.0,67.0,20.0
209,220.0,66.0,20.0
210,221.0,67.0,20.0
211,222.0,68.0,21.0
212,223.0,70.0,21.0
213,223.0,71.0,22.0
214,222.0,69.0,21.0
215,221.0,67.0,20.0
216,221.0,67.0,20.0
217,222.0,69.0,21.0
218,223.0,70.0,22.0
219,224.0,72.0,22.0
220,224.0,72.0,22.0
221,222.0,69.0,21.0
222,222.0,68.0,20.0
223,222.0,69.0,21.0
224,223.0,70.0,21.0
225,224.0,72.0,22.0
226,225.0,73.0,23.0
227,224.0,73.0,23.0
228,223.0,70.0,21.0
229,223.0,70.0,21.0
230,224.0,71.0,21.0
231,224.0,72.0,22.0
232,225.0,73.0,22.0
233,225.0,74.0,23.0
234,224.0,71.0,21.0
235,223.0,69.0,21.0
236,223.0,70.0,21.0
237,224.0,71.0,21.0
238,225.0,72.0,22.0
239,225.0,73.0,22.0
240,224.0,72.0,22.0
241,223.0,69.0,21.0
242,223.0,69.0,21.0
243,224.0,70.0,21.0
244,224.0,72.0,22.0
245,225.0,73.0,22.0
246,226.0,74.0,23.0
247,224.0,71.0,21.0
248,223.0,70.0,21.0
249,224.0,70.0,21.0
250,224.0,72.0,22.0
251,225.0,73.0,22.0
252,226.0,74.0,23.0
253,225.0,74.0,23.0
254,224.0,71.0,21.0
255,224.0,71.0,21.0
256,224.0,72.0,22.0
257,225.0,73.0,22.0
258,225.0,74.0,23.0
259,226.0,75.0,23.0
260,224.0,73.0,22.0
261,224.0,71.0,22.0
262,224.0,72.0,22.0
263,225.0,73.0,22.0
264,225.0,74.0,23.0
265,225.0,74.0,23.0
266,224.0,71.0,22.0
267,223.0,70.0,21.0
268,223.0,70.0,21.0
269,224.0,71.0,22.0
270,225.0,73.0,22.0
271,224.0,73.0,22.0
272,223.0,70.0,21.0
273,222.0,69.0,21.0
274,223.0,70.0,21.0
275,224.0,71.0,22.0
276,224.0,73.0,22.0
277,224.0,73.0,22.0
278,222.0,70.0,21.0
279,222.0,69.0,20.0
280,223.0,70.0,21.0
281,223.0,71.0,22.0
282,224.0,72.0,22.0
283,224.0,73.0,23.0
284,223.0,71.0,22.0
285,222.0,69.0,21.0
286,222.0,69.0,21.0
287,223.0,70.0,21.0
288,224.0,72.0,22.0
289,224.0,73.0,23.0
290,224.0,73.0,23.0
291,223.0,71.0,22.0
292,224.0,72.0,22.0
293,224.0,72.0,22.0
294,225.0,74.0,23.0
295,226.0,75.0,23.0
296,226.0,77.0,24.0
297,226.0,76.0,24.0
298,225.0,75.0,23.0
299,226.0,76.0,23.0
300,226.0,76.0,24.0
301,226.0,77.0,24.0
302,227.0,77.0,24.0
303,227.0,77.0,24.0
304,225.0,74.0,23.0
305,224.0,72.0,22.0

 ************, After Bandpass: ,************
central frequency  ,2.25 
Width frequency  , 3.16 

 ************, PPG Signal : ,************ , , Removed 
0,-18.447767138373138, ,,-105.0
1,-13.467017270963197, ,,-108.0
2,-8.329375924468422, ,,-111.0
3,-4.325100173591636, ,,-114.0
4,-1.5805425129947253, ,,-117.0
5,-0.03893770733998281, ,,-119.0
6,0.7873812744587667, ,,-120.0
7,1.4216118746082884, ,,-121.0
8,1.3700480490006157, ,,-123.0
9,1.8736093522284136, ,,-124.0
10,1.7082674564126137, ,,63.46680879636369
11,0.34206068303660686, ,,79.8405412598338
12,-0.6356211820784665, ,,4.182648454825426
13,-0.4929434007119653, ,,-6.3483051412600275
14,-0.05851067840376345, ,,-22.81717099582636
15,0.0631384348453139, ,,-38.56224791325582
16,0.6755478284335368, ,,-32.88946663218405
17,0.8608359607785587, ,,-35.918921540963765
18,0.2177121730805993, ,,-19.71057064546096
19,-0.37344091089221365, ,,-11.768655159060927
20,-0.6623259638308809, ,,-3.3566476804207923
21,-0.1779105277742019, ,,-1.3491717273977883
22,-0.06805391246371073, ,,-10.61238038057843
23,0.4900079102651489, ,,-22.61427301964204
24,0.769453511278698, ,,-17.049623049919887
25,-0.4110677265227878, ,,14.445209862157299
26,-1.061817391097975, ,,33.51616099434358
27,-0.2266091700466859, ,,36.076171310160646
28,0.4915177724944897, ,,38.254636944134575
29,0.1133167013667844, ,,61.7038548440126
30,0.6907906161352457, ,,52.65472361150546
31,0.8055099622301896, ,,1.853886467439679
32,-0.44575941481139125, ,,-12.474948904781854
33,-1.1021364978219026, ,,-25.460481326732065
34,-0.8265683516231093, ,,-32.105182568439204
35,0.3034277558801932, ,,-27.247264080810282
36,0.6517483547399934, ,,-26.951970639040383
37,0.21539227778316672, ,
38,0.2397400052109333, ,
39,-0.3998587891233001, ,
40,-0.61931264513305, ,
41,-0.010278238254613825, ,
42,0.5082715496907895, ,
43,0.762825230369117, ,
44,0.7349689287696037, ,
45,0.21864876867698513, ,
46,-1.099365570340069, ,
47,-0.8618323971040809, ,
48,-0.21938831249053692, ,
49,-0.1951659946817017, ,
50,0.635360736020175, ,
51,0.26108270589838867, ,
52,-0.9223107484981483, ,
53,-0.5191711367019707, ,
54,0.5298001735527578, ,
55,0.7328312557783647, ,
56,0.847695761414343, ,
57,0.8713400479796292, ,
58,-0.8579605068027831, ,
59,-1.8411446278551011, ,
60,-0.34480869860249186, ,
61,0.38720846869591696, ,
62,0.6632152781394325, ,
63,0.9704578121579743, ,
64,-0.7143083981784457, ,
65,-1.1220212135960992, ,
66,-0.01286510655904749, ,
67,0.4581149130940503, ,
68,0.8556633749385583, ,
69,0.8594321016569211, ,
70,0.8285719891541703, ,
71,-0.8454536635686054, ,
72,-1.3959519714794624, ,
73,-0.22575894046644862, ,
74,0.2478608347712452, ,
75,1.2016893690260986, ,
76,0.8753924538757474, ,
77,0.13878056341400224, ,
78,-0.45510264187146277, ,
79,-1.393596397588226, ,
80,-0.4214850383211797, ,
81,0.37380763521923654, ,
82,0.47421916801954467, ,
83,1.3013964713777568, ,
84,0.774246395399814, ,
85,-1.0027033650949306, ,
86,-1.388886258045659, ,
87,0.04900600657765608, ,
88,0.8509459196434364, ,
89,0.5819356913070806, ,
90,0.6428629131978596, ,
91,0.03204285657375294, ,
92,-1.8080430140257704, ,
93,-1.1227228751761231, ,
94,0.24274813995521072, ,
95,0.3169881694520882, ,
96,1.3087117893514915, ,
97,0.858448073391628, ,
98,-0.9337391681872305, ,
99,-1.7745892668497163, ,
100,-0.5099479717107442, ,
101,0.4015676749500017, ,
102,0.563393408965112, ,
103,1.452401387150985, ,
104,0.9007102662233137, ,
105,-0.36363880364456236, ,
106,-1.166897954666183, ,
107,-0.9954521599399868, ,
108,0.18402149365851983, ,
109,0.9855808737220286, ,
110,0.7435836542547349, ,
111,0.6686342082366536, ,
112,0.11468450324173318, ,
113,-1.3043969282259695, ,
114,-0.9814991327416465, ,
115,-0.3775435045924951, ,
116,0.2221121731504354, ,
117,0.6846466312968005, ,
118,0.6197233668549416, ,
119,0.2451064647596013, ,
120,-1.0956758355562215, ,
121,-0.8151862915240145, ,
122,0.33326268195082775, ,
123,0.4776111549381312, ,
124,0.6992875438972987, ,
125,0.2282766249541055, ,
126,-1.063266515702253, ,
127,-0.7659276470844816, ,
128,0.3482655826928749, ,
129,0.5208587458687362, ,
130,0.7101818383387126, ,
131,0.24865495207768618, ,
132,-1.056081037625745, ,
133,-0.7614733564755625, ,
134,0.35082334107482893, ,
135,1.0266136666039074, ,
136,0.8363374800928796, ,
137,-0.8723984222588115, ,
138,-1.265321785911965, ,
139,-0.25914649241576626, ,
140,0.3345723438224013, ,
141,1.2007700860024215, ,
142,0.3967198496209221, ,
143,-0.9914713290222608, ,
144,-1.1134491683153556, ,
145,-0.33825800049407917, ,
146,1.0598890208725606, ,
147,0.8425459210222925, ,
148,0.2944394828409713, ,
149,-0.7812382717117998, ,
150,-1.3203486219765637, ,
151,-0.13275028053158167, ,
152,-0.03703546196925345, ,
153,-0.34511564838521736, ,
154,-1.7763807756077767, ,
155,-2.6908252487512527, ,
156,-0.43131504492680506, ,
157,1.6361798654145332, ,
158,2.2148629550833903, ,
159,2.006043441984275, ,
160,0.6574214171666881, ,
161,0.08265280345949577, ,
162,0.8279050782477952, ,
163,1.72049068330125, ,
164,1.3627392393500486, ,
165,-0.4821627732212619, ,
166,-0.9405377471109659, ,
167,-0.10341583966282997, ,
168,0.4515636428329799, ,
169,0.716131728704795, ,
170,0.7736727696740218, ,
171,-0.28581397717948676, ,
172,-1.6872309758182382, ,
173,-0.8608405607419627, ,
174,0.3743846042441419, ,
175,0.6247340997881565, ,
176,0.4229040459499629, ,
177,-0.7372650677173169, ,
178,-1.5253180142769907, ,
179,-1.1126646306333896, ,
180,0.03788763167358411, ,
181,0.9803668396143621, ,
182,1.2458414394657211, ,
183,0.8286291627850915, ,
184,-0.9588092731728466, ,
185,-1.4745825826898908, ,
186,-0.4348818458081496, ,
187,0.14246153522094573, ,
188,1.0559476550863565, ,
189,1.2994807373663662, ,
190,0.1994272360755076, ,
191,-1.1085171213367175, ,
192,-0.9822533926940196, ,
193,0.09730964148729981, ,
194,0.3088384728753226, ,
195,0.4940560914451453, ,
196,0.6162873698931435, ,
197,-0.5376477703289311, ,
198,-1.3097576440939065, ,
199,-0.884147524349828, ,
200,0.19212861872119902, ,
201,1.1231925079091525, ,
202,0.8185375340278824, ,
203,-0.2577943475716893, ,
204,-1.0852163594506692, ,
205,-0.8033762809807286, ,
206,0.31026301056317607, ,
207,0.6181970507327605, ,
208,0.7141542061660857, ,
209,1.3485668643779718, ,
210,-0.2640789123988725, ,
211,-1.8124151334320686, ,
212,-0.3918179093013805, ,
213,0.2408131868523924, ,
214,0.4277827138764678, ,
215,1.3057442270383035, ,
216,0.23084183784703782, ,
217,-1.0968995030707447, ,
218,-0.7840263222421981, ,
219,-0.35535468673583637, ,
220,0.3323478372919908, ,
221,0.6633232152942128, ,
222,0.6403162106103082, ,
223,-0.283845616267854, ,
224,-1.2421438494329777, ,
225,-0.22033723025128893, ,
226,0.39062957912528873, ,
227,0.5730209229202501, ,
228,0.27303452787737115, ,
229,-0.48157242539286926, ,
230,-1.066186862831728, ,
231,-0.789404080984923, ,
232,0.48685455318218374, ,
233,1.2410050013843374, ,
234,0.4861766620883827, ,
235,-0.8002637047300141, ,
236,-1.0433503456058588, ,
237,-0.19488978904337273, ,
238,1.114754726795809, ,
239,0.9062763445147084, ,
240,0.325501713782387, ,
241,-0.7682554958105356, ,
242,-1.3119786500294595, ,
243,0.3678316041934977, ,
244,0.592924600768356, ,
245,0.6843261997937589, ,
246,0.9520435259007627, ,
247,-0.3998959563871267, ,
248,-1.114328379559538, ,
249,-0.80021548258037, ,
250,0.25890429611172294, ,
251,1.1556475365450751, ,
252,0.8186025502016037, ,
253,0.2479972543301301, ,
254,-0.470678733504883, ,
255,-0.2866937755575236, ,
256,0.36255222863405834, ,
257,0.33903742601614795, ,
258,1.0002973881910293, ,
259,0.563017627800491, ,
260,-0.25275259319414545, ,
261,-0.7993552816010379, ,
262,-0.6838194904403281, ,
263,0.11259461780309721, ,
264,-0.37205295739340727, ,
265,0.23776250321930092, ,
266,0.47663010548217244, ,
267,-1.244615904680586, ,
268,-1.8992999502604562, ,

 ************, GATI FFT  : ,************ , , Removed 
0,64426.068574762496
1,3198.117980902987
2,3224.146539447106
3,3030.923259792227
4,2565.777474173724
5,2306.6381999334344
6,1764.3389818115734
7,1428.6416590202941
8,906.9376202349185
9,497.14128419207304
10,267.38743309859655
11,462.02027436583995
12,628.0952343473502
13,826.1120002010534
14,936.015599195948
15,926.3562963812718
16,926.8922846965933
17,793.1562408680522
18,675.4314822875656
19,488.5291113442577
20,306.78772870106815
21,125.64276622545488
22,115.99894890931574
23,232.84433704741522
24,380.6954812626104
25,447.2729509742239
26,497.56170183416464
27,486.5608949489718
28,446.32934403224846
29,399.9855235751426
30,287.2424956501092
31,194.3672335176708
32,79.51043485150919
33,56.86074516186965
34,137.75168432810054
35,212.01406657525735
36,272.32634332631693
37,312.36703085361586
38,307.7656674142156
39,302.60680700670747
40,273.339911841985
41,226.80582146391063
42,161.2476762875173
43,161.2446128518751
44,75.05648187136593
45,117.6340088739376
46,82.93210227120016
47,149.5726741550578
48,140.8906956648636
49,84.53059908376447
50,81.78111562999514
51,116.63189958154673
52,73.62984473883394
53,120.91468118700277
54,152.805807520059
55,138.60725499187404
56,179.32871303697556
57,153.3941913754127
58,165.43705637142833
59,140.42393354441336
60,111.07378253500687
61,82.53914419330563
62,46.17769573510276
63,35.356236362875926
64,73.09491973474496
65,109.23251744015157
66,131.69871476296345
67,152.42774878420488
68,160.70271942700558
69,159.83596893495272
70,148.7865480593177
71,119.52643095110115
72,78.1850071117213
73,41.08836090701928
74,18.23932872658652
75,58.36803047547586
76,86.99844515669115
77,117.53669946006842
78,137.4834871785984
79,151.8732312480744
80,141.13879534172037
81,120.66033195161864
82,108.13993271674502
83,73.9664561159489
84,46.44384531803117
85,21.21647789809983
86,36.68110405252279
87,65.73715375709925
88,106.92696592043377
89,102.99520406928768
90,121.80372915958131
91,103.14448212214701
92,90.25087049783681
93,98.41865981708787
94,74.3133830747982
95,38.80909308166885
96,38.31667005123635
97,53.88246019535236
98,67.57927662236787
99,83.70371357206406
100,105.22063741588691
101,87.57836543408546
102,87.29833904490968
103,79.89647970715944
104,67.3035036760365
105,43.14222072662366
106,36.51811206567223
107,52.73894421456936
108,63.03901296864331
109,87.7929583230689
110,91.75142849399005
111,96.5782312989073
112,87.44271547265382
113,81.82069159281168
114,63.147719173375904
115,49.27020590047092
116,34.77132761613259
117,39.463507087494804
118,58.42574269702921
119,79.71222389106703
120,88.17074451374046
121,94.82690237877908
122,97.568171517277
123,78.98676816384032
124,57.40857370441509
125,52.81550366871279
126,29.55443002364768
127,30.053791823516434
128,48.635864358531535
129,67.50148881544352
130,87.52286028222261
131,97.67534490234011
132,96.00802406620501
133,98.2155266201738
134,82.76547455674998
135,63.77789429524214
136,44.137392690738835
137,28.599031700671727
138,25.79440546936623
139,44.26851044901661
140,72.22506678465544
141,81.74110568752212
142,91.27689190489323
143,91.7708747808586
144,80.0976615710914
145,72.52953598841543
146,60.49564677396255
147,40.88708803523813
148,34.85277077070633
149,45.72843982465934
150,54.10712834027922
151,75.4028872364443
152,80.70324685189709
153,0.0
154,0.0
155,0.0
156,0.0
157,0.0
158,0.0
159,0.0
160,0.0
161,0.0
162,0.0
163,0.0
164,0.0
165,0.0
166,0.0
167,0.0
168,0.0
169,0.0
170,0.0
171,0.0
172,0.0
173,0.0
174,0.0
175,0.0
176,0.0
177,0.0
178,0.0
179,0.0
180,0.0
181,0.0
182,0.0
183,0.0
184,0.0
185,0.0
186,0.0
187,0.0
188,0.0
189,0.0
190,0.0
191,0.0
192,0.0
193,0.0
194,0.0
195,0.0
196,0.0
197,0.0
198,0.0
199,0.0
200,0.0
201,0.0
202,0.0
203,0.0
204,0.0
205,0.0
206,0.0
207,0.0
208,0.0
209,0.0
210,0.0
211,0.0
212,0.0
213,0.0
214,0.0
215,0.0
216,0.0
217,0.0
218,0.0
219,0.0
220,0.0
221,0.0
222,0.0
223,0.0
224,0.0
225,0.0
226,0.0
227,0.0
228,0.0
229,0.0
230,0.0
231,0.0
232,0.0
233,0.0
234,0.0
235,0.0
236,0.0
237,0.0
238,0.0
239,0.0
240,0.0
241,0.0
242,0.0
243,0.0
244,0.0
245,0.0
246,0.0
247,0.0
248,0.0
249,0.0
250,0.0
251,0.0
252,0.0
253,0.0
254,0.0
255,0.0
256,0.0
257,0.0
258,0.0
259,0.0
260,0.0
261,0.0
262,0.0
263,0.0
264,0.0
265,0.0
266,0.0
267,0.0
268,0.0
269,0.0
270,0.0
271,0.0
272,0.0
273,0.0
274,0.0
275,0.0
276,0.0
277,0.0
278,0.0
279,0.0
280,0.0
281,0.0
282,0.0
283,0.0
284,0.0
285,0.0
286,0.0
287,0.0
288,0.0
289,0.0
290,0.0
291,0.0
292,0.0
293,0.0
294,0.0
295,0.0
296,0.0
297,0.0
298,0.0
299,0.0
300,0.0
301,0.0
302,0.0
303,0.0
304,0.0
305,0.0
