**** , USER DATA ,****,
, Device Info, 
-------------------------------------
Model :SM-A505F
Device: a50
Manufacturer: samsung
Board: exynos9610
Brand: samsung
SDK or OS  : 30
versionRelease: 11
VERSION_CODE: 5
VERSION_NAME: 1.0
-------------------------------------

 Unique file Id,46591, 
 Front Face,true, 
 Sampling Rate  : 9,

Id provided by Hospital or Entered manually or Randomly generated, 
20220111_125713-SM-A505F-12, 

 ************, User Manual Data : ,************ ,  

Gender,Female,
height,160,
weight,70,
Age,29,
BPsystolic(Manual),105,
BPdiastolic(Manual),80,
heartrate(Manual),70,
Medication,1,
Place ,,

 ************ , Advance Settings ,************ , 

 ************, 
 {hsvMin=60.0, hsvMax=340.0, saturationMin=0.4, saturationMax=1.0, brightnessMin=0.0, brightnessMax=1.0} ,************ ,  

 
  ************, Calculated : ,************

BMI,27,
BMR,1627,
BPsystolic,109,
BPdiastolic,74,
Heartrate,98,
Respirationrate,10,
Rythm,Pitta/Kapha(Reg),
Kathinya,261,
Kapha,50.00  %,
Vata,16.67  %,
Pitta,33.33  %,
Tala Result,0.0015374513826044332,
Variance Of Heart Rate,0.3420567586083176,
BSA,1.7318886979699173,
ET,252.57,
SV,42.210803397984655,
PP,26.023923180015203,
MPP,83.25,

 ************, KPV2 ,************
K2 , 44.32  %P2 , 27.15  %V2 , 28.52  %
PPG,


Colors Code , RED , GREEN , BLUE , H, S, V , GOOD SIGNAL HSV AVG ( per sec)  , <.1
0,70.0,24.0,19.0,28.383234,0.87434554,0.7490196,142.33333333333334,0.0
1,100.0,47.0,40.0,28.383234,0.87434554,0.7490196,115.33333333333333,0.0
2,122.0,65.0,55.0,28.383234,0.87434554,0.7490196,146.77777777777777,0.0
3,135.0,76.0,64.0,28.383234,0.87434554,0.7490196,169.88888888888889,0.0
4,139.0,81.0,68.0,28.554216,0.8736842,0.74509805,177.11111111111111
5,138.0,80.0,67.0,28.383234,0.87434554,0.7490196,179.55555555555554
6,138.0,82.0,69.0,28.742514,0.87434554,0.7490196,178.11111111111111
7,142.0,88.0,74.0,28.742514,0.87434554,0.7490196,178.11111111111111
8,147.0,97.0,83.0,28.383234,0.87434554,0.7490196,178.22222222222223
9,150.0,103.0,90.0,28.554216,0.8736842,0.74509805,195.55555555555554
10,150.0,105.0,92.0,28.554216,0.8736842,0.74509805,198.22222222222223
11,143.0,99.0,87.0,28.554216,0.8736842,0.74509805,203.22222222222223
12,129.0,86.0,74.0,28.554216,0.8736842,0.74509805,204.0
13,101.0,55.0,44.0,27.72152,0.83597887,0.7411765,203.88888888888889
14,80.0,32.0,23.0,27.515924,0.8306878,0.7411765,204.44444444444446
15,85.0,34.0,24.0,27.515924,0.8306878,0.7411765,204.44444444444446
16,93.0,36.0,24.0,27.515924,0.8306878,0.7411765,204.77777777777777
17,115.0,60.0,46.0,27.515924,0.8306878,0.7411765,205.11111111111111
18,142.0,92.0,75.0,27.515924,0.8306878,0.7411765,206.44444444444446
19,146.0,94.0,76.0,27.515924,0.8306878,0.7411765,207.11111111111111
20,119.0,28.0,11.0,27.515924,0.8306878,0.7411765,206.33333333333334
21,115.0,19.0,4.0,27.515924,0.8306878,0.7411765,206.66666666666666
22,124.0,19.0,3.0,27.515924,0.8306878,0.7411765,207.0
23,158.0,44.0,14.0,27.515924,0.8306878,0.7411765,198.33333333333334
24,161.0,49.0,16.0,27.515924,0.8306878,0.7411765,191.22222222222223
25,165.0,53.0,17.0,27.515924,0.8306878,0.7411765,192.0
26,166.0,56.0,18.0,27.515924,0.8306878,0.7411765,192.0
27,167.0,58.0,19.0,27.515924,0.8306878,0.7411765,192.11111111111111
28,168.0,59.0,20.0,27.898088,0.8306878,0.7411765,191.22222222222223
29,168.0,60.0,20.0,27.898088,0.8306878,0.7411765,190.88888888888889
30,169.0,61.0,20.0,27.898088,0.8306878,0.7411765,190.33333333333334
31,169.0,62.0,21.0,27.692308,0.82539684,0.7411765,189.0
32,170.0,63.0,21.0,26.756758,0.78723407,0.7372549,189.0
33,171.0,64.0,22.0,20.88888888888889
34,171.0,65.0,22.0
35,171.0,66.0,22.0
36,172.0,67.0,23.0
37,173.0,68.0,23.0
38,173.0,69.0,24.0
39,174.0,70.0,25.0
40,176.0,72.0,25.0
41,177.0,73.0,26.0
42,179.0,79.0,26.0
43,179.0,79.0,27.0
44,180.0,81.0,27.0
45,183.0,82.0,28.0
46,182.0,82.0,28.0
47,181.0,82.0,28.0
48,180.0,81.0,27.0
49,180.0,80.0,28.0
50,179.0,80.0,27.0
51,178.0,80.0,27.0
52,179.0,80.0,28.0
53,179.0,80.0,27.0
54,178.0,80.0,27.0
55,178.0,79.0,27.0
56,178.0,79.0,27.0
57,178.0,79.0,27.0
58,179.0,80.0,28.0
59,179.0,80.0,27.0
60,178.0,79.0,27.0
61,178.0,79.0,27.0
62,177.0,78.0,27.0
63,178.0,79.0,27.0
64,178.0,79.0,27.0
65,178.0,79.0,27.0
66,177.0,79.0,27.0
67,177.0,79.0,27.0
68,178.0,79.0,27.0
69,178.0,80.0,27.0
70,179.0,80.0,28.0
71,179.0,81.0,28.0
72,179.0,80.0,27.0
73,178.0,80.0,27.0
74,179.0,80.0,27.0
75,179.0,81.0,27.0
76,179.0,81.0,27.0
77,179.0,81.0,27.0
78,178.0,81.0,27.0
79,176.0,79.0,26.0
80,177.0,80.0,27.0
81,179.0,79.0,28.0
82,187.0,87.0,31.0
83,194.0,92.0,33.0
84,195.0,93.0,34.0
85,195.0,93.0,34.0
86,196.0,94.0,35.0
87,197.0,95.0,35.0
88,198.0,96.0,36.0
89,199.0,96.0,36.0
90,199.0,96.0,36.0
91,197.0,95.0,35.0
92,197.0,95.0,36.0
93,197.0,96.0,36.0
94,198.0,96.0,36.0
95,198.0,97.0,36.0
96,199.0,97.0,37.0
97,198.0,97.0,37.0
98,199.0,97.0,37.0
99,201.0,99.0,38.0
100,202.0,100.0,39.0
101,203.0,101.0,39.0
102,203.0,101.0,39.0
103,203.0,101.0,39.0
104,203.0,101.0,39.0
105,203.0,101.0,39.0
106,204.0,102.0,40.0
107,204.0,102.0,39.0
108,204.0,102.0,40.0
109,204.0,102.0,40.0
110,204.0,102.0,40.0
111,204.0,102.0,40.0
112,204.0,103.0,40.0
113,205.0,103.0,40.0
114,205.0,103.0,40.0
115,204.0,103.0,40.0
116,203.0,102.0,39.0
117,203.0,102.0,40.0
118,203.0,102.0,39.0
119,204.0,103.0,39.0
120,204.0,103.0,40.0
121,204.0,103.0,40.0
122,204.0,103.0,40.0
123,204.0,103.0,40.0
124,204.0,103.0,40.0
125,204.0,103.0,40.0
126,204.0,104.0,40.0
127,204.0,104.0,40.0
128,204.0,104.0,40.0
129,204.0,104.0,40.0
130,204.0,104.0,40.0
131,205.0,104.0,40.0
132,205.0,104.0,40.0
133,205.0,104.0,41.0
134,205.0,104.0,40.0
135,204.0,104.0,40.0
136,204.0,104.0,40.0
137,204.0,104.0,41.0
138,205.0,105.0,41.0
139,205.0,105.0,41.0
140,205.0,105.0,41.0
141,204.0,104.0,41.0
142,204.0,104.0,41.0
143,204.0,105.0,41.0
144,205.0,105.0,41.0
145,205.0,105.0,41.0
146,205.0,105.0,41.0
147,204.0,105.0,41.0
148,204.0,105.0,41.0
149,205.0,105.0,41.0
150,205.0,105.0,41.0
151,205.0,106.0,41.0
152,205.0,106.0,42.0
153,205.0,105.0,41.0
154,205.0,105.0,41.0
155,205.0,105.0,41.0
156,205.0,106.0,41.0
157,205.0,106.0,42.0
158,205.0,106.0,41.0
159,205.0,106.0,41.0
160,205.0,106.0,41.0
161,205.0,106.0,41.0
162,206.0,106.0,41.0
163,206.0,107.0,42.0
164,206.0,107.0,41.0
165,206.0,106.0,42.0
166,206.0,106.0,42.0
167,206.0,107.0,42.0
168,207.0,107.0,42.0
169,207.0,107.0,42.0
170,207.0,107.0,42.0
171,207.0,107.0,42.0
172,207.0,107.0,42.0
173,207.0,107.0,42.0
174,207.0,108.0,42.0
175,207.0,108.0,42.0
176,208.0,108.0,43.0
177,207.0,108.0,42.0
178,207.0,108.0,42.0
179,207.0,108.0,42.0
180,207.0,108.0,42.0
181,207.0,108.0,43.0
182,207.0,108.0,43.0
183,207.0,108.0,42.0
184,206.0,107.0,42.0
185,206.0,107.0,42.0
186,206.0,107.0,42.0
187,206.0,108.0,42.0
188,206.0,108.0,42.0
189,206.0,107.0,42.0
190,206.0,107.0,42.0
191,206.0,108.0,42.0
192,206.0,108.0,42.0
193,207.0,108.0,42.0
194,207.0,108.0,42.0
195,207.0,108.0,43.0
196,207.0,108.0,43.0
197,207.0,108.0,43.0
198,207.0,108.0,43.0
199,207.0,108.0,43.0
200,207.0,109.0,43.0
201,207.0,108.0,43.0
202,207.0,108.0,42.0
203,207.0,108.0,43.0
204,207.0,109.0,43.0
205,207.0,109.0,43.0
206,207.0,109.0,43.0
207,207.0,108.0,43.0
208,203.0,109.0,46.0
209,203.0,109.0,46.0
210,201.0,109.0,45.0
211,199.0,109.0,39.0
212,198.0,109.0,38.0
213,196.0,107.0,33.0
214,196.0,107.0,32.0
215,194.0,106.0,26.0
216,195.0,106.0,26.0
217,193.0,105.0,25.0
218,191.0,103.0,24.0
219,191.0,102.0,23.0
220,191.0,102.0,23.0
221,191.0,102.0,23.0
222,191.0,102.0,23.0
223,191.0,102.0,23.0
224,191.0,102.0,24.0
225,191.0,103.0,24.0
226,192.0,103.0,24.0
227,192.0,103.0,24.0
228,192.0,103.0,24.0
229,192.0,103.0,24.0
230,192.0,103.0,24.0
231,192.0,103.0,24.0
232,192.0,103.0,24.0
233,192.0,103.0,24.0
234,192.0,103.0,24.0
235,192.0,103.0,24.0
236,192.0,103.0,24.0
237,192.0,104.0,24.0
238,192.0,104.0,24.0
239,192.0,104.0,24.0
240,192.0,104.0,24.0
241,192.0,103.0,24.0
242,192.0,104.0,24.0
243,192.0,104.0,24.0
244,192.0,104.0,24.0
245,192.0,104.0,24.0
246,192.0,104.0,24.0
247,192.0,104.0,24.0
248,192.0,104.0,24.0
249,193.0,104.0,24.0
250,192.0,104.0,24.0
251,192.0,104.0,24.0
252,192.0,104.0,24.0
253,192.0,104.0,24.0
254,192.0,104.0,24.0
255,191.0,103.0,24.0
256,191.0,103.0,24.0
257,191.0,103.0,24.0
258,191.0,103.0,24.0
259,191.0,103.0,24.0
260,191.0,103.0,24.0
261,191.0,103.0,24.0
262,191.0,103.0,24.0
263,191.0,103.0,24.0
264,191.0,103.0,24.0
265,191.0,103.0,24.0
266,191.0,103.0,24.0
267,191.0,103.0,24.0
268,191.0,103.0,24.0
269,191.0,103.0,24.0
270,190.0,103.0,24.0
271,191.0,103.0,24.0
272,191.0,104.0,24.0
273,191.0,104.0,24.0
274,191.0,103.0,24.0
275,190.0,103.0,24.0
276,190.0,103.0,24.0
277,190.0,103.0,24.0
278,190.0,103.0,24.0
279,189.0,104.0,31.0
280,189.0,104.0,32.0
281,189.0,104.0,32.0
282,189.0,104.0,32.0
283,189.0,104.0,32.0
284,189.0,104.0,32.0
285,189.0,104.0,32.0
286,189.0,104.0,32.0
287,189.0,104.0,32.0
288,189.0,104.0,32.0
289,189.0,104.0,32.0
290,189.0,104.0,32.0
291,189.0,104.0,32.0
292,189.0,104.0,32.0
293,189.0,104.0,32.0
294,189.0,105.0,32.0
295,189.0,105.0,32.0
296,189.0,105.0,32.0
297,189.0,105.0,33.0
298,188.0,106.0,40.0

 ************, After Bandpass: ,************
central frequency  ,2.25 
Width frequency  , 3.16 

 ************, PPG Signal : ,************ , , Removed 
0,0.546297932306743, ,,-70.0
1,0.4884874552799374, ,,-100.0
2,0.46426542094059187, ,,-122.0
3,1.538619391147222, ,,-135.0
4,1.571189140618344, ,,-139.0
5,1.3708456923113772, ,,-138.0
6,0.7988836395543331, ,,-138.0
7,-0.2955228396419898, ,,-142.0
8,1.040594843249437, ,,-147.0
9,0.1408594135966723, ,,-150.0
10,-2.4529674788434477, ,,76.16017055563644
11,-2.5027586084909217, ,,91.6452268547591
12,-2.213480014589777, ,,-7.902617929236058
13,-1.8226988720273312, ,,-31.68084114587333
14,-1.8134520869011794, ,,-52.67718735918709
15,-0.5066603895156732, ,,-48.10101608909656
16,0.7465863067527607, ,,-15.795612655457717
17,-0.1176988385354889, ,,-5.074464763565743
18,0.023199932115858246, ,,21.860939001451243
19,0.5349987506219804, ,,16.106276266133136
20,0.4584453591091915, ,,-11.905034038601343
21,1.0471406385845512, ,,-22.127967157941384
22,1.0780046395952922, ,,-6.743759131629986
23,-0.1418856445475285, ,,15.686551293697676
24,-0.42764612359314924, ,,19.399981243156162
25,-0.5436741500834614, ,,4.464287306812139
26,-0.23276499827898078, ,,0.33398933701505484
27,0.6142220179112883, ,,-4.28726427951085
28,0.12243550552261695, ,,-7.862111726884223
29,-0.3741743507416686, ,,-6.865822887322679
30,-0.4729026726238317, ,,-7.9192058000833185
31,0.4483215380164438, ,,-5.5243231499266585
32,0.7617287361513263, ,,-4.760226147093363
33,0.6425651053327783, ,,-2.5299181031182343
34,0.832000712120589, ,,-1.7286795030363464
35,0.017985632136742424, ,,-1.593044148824447
36,-0.635020660658256, ,,-0.25711921149786576
37,-0.35660899905269616, ,
38,0.23011513143524098, ,
39,-0.1832206700912593, ,
40,-0.19509032824612405, ,
41,-0.6029160897751353, ,
42,-1.872952528211954, ,
43,-0.8531796065121853, ,
44,1.534394614119492, ,
45,5.584772858504266, ,
46,9.167177094910357, ,
47,5.553732279447786, ,
48,0.36789111107100325, ,
49,-1.2931250099043154, ,
50,-2.293405241440496, ,
51,-2.556840712890107, ,
52,-2.3729530698847157, ,
53,-2.5307114987181194, ,
54,-3.6724902820101306, ,
55,-3.5015316886083383, ,
56,-1.8037290952236162, ,
57,-0.6549638876140307, ,
58,0.17173085551780787, ,
59,0.597829719843503, ,
60,0.29055577049985004, ,
61,0.17724350179969406, ,
62,1.7091392735394493, ,
63,1.904564519604719, ,
64,1.1381574469189673, ,
65,0.5498584070123798, ,
66,-0.589606239777595, ,
67,-0.8211104572342265, ,
68,-0.9742921955994461, ,
69,-0.4661106701751123, ,
70,-0.12920875538770815, ,
71,-0.6167830535248413, ,
72,-0.47001241920588654, ,
73,-0.4377265873106353, ,
74,-0.39391594358539805, ,
75,-0.23145563346952258, ,
76,0.3074665038925559, ,
77,0.5509778311993614, ,
78,-0.5338125191451581, ,
79,-1.2007039782242828, ,
80,-0.8001110936620535, ,
81,-0.19662459358755768, ,
82,0.5744808877320793, ,
83,0.8697594637321799, ,
84,0.3600632877789849, ,
85,0.2519771653483076, ,
86,0.13382306332050575, ,
87,-0.03505100698703245, ,
88,-0.019706925819946264, ,
89,-0.10546507130129612, ,
90,-0.07614304295952934, ,
91,-0.08615093970252019, ,
92,-0.06773010771235022, ,
93,-0.048159015324699794, ,
94,0.47038067908897574, ,
95,0.6163835368483888, ,
96,0.012884863288491033, ,
97,-0.05758091035477264, ,
98,-0.667482423193178, ,
99,-0.8867262949070209, ,
100,-0.20595660458252496, ,
101,0.35547750659634403, ,
102,0.6653443410480122, ,
103,0.17207376027272403, ,
104,-0.4413995582694952, ,
105,-0.6168514458797745, ,
106,-0.16094182352730968, ,
107,0.4927272417194217, ,
108,0.6594420667270242, ,
109,0.19555762499589946, ,
110,-0.4579461057437584, ,
111,-0.6411574346820998, ,
112,0.3291902907376425, ,
113,0.5916207290288185, ,
114,0.03470387672655306, ,
115,0.09836795170531332, ,
116,-0.06491707339318964, ,
117,-0.10777874257928488, ,
118,-0.08831079043011414, ,
119,-0.12564525512470937, ,
120,-0.07404153717266126, ,
121,-0.07763962252079182, ,
122,-0.044379207561405565, ,
123,-0.030608637868454025, ,
124,-0.016725208952038884, ,
125,0.5042097617297259, ,
126,0.6349417178414569, ,
127,0.030900778111572436, ,
128,-0.049469129837234505, ,
129,-0.15453254258773086, ,
130,-0.25064053491996674, ,
131,0.32500655756393826, ,
132,0.4246760362302666, ,
133,-0.1096833370411332, ,
134,-0.1675550539375763, ,
135,-0.22947799823668902, ,
136,-0.2926289059359988, ,
137,-0.2048211662659014, ,
138,-0.21084316675046466, ,
139,0.3795943923141749, ,
140,0.028716737015201943, ,
141,-0.6641076584960501, ,
142,-0.10281788050679097, ,
143,-0.11179130977689056, ,
144,-0.08378555839249202, ,
145,0.08347327799810955, ,
146,-0.007862397788812814, ,
147,-0.41412687384263336, ,
148,-0.5975147127089713, ,
149,0.03121285958422959, ,
150,0.09552065514003516, ,
151,0.18543080643462417, ,
152,0.27936823851177905, ,
153,0.1936595617146395, ,
154,0.21991443198294292, ,
155,0.13484606558358792, ,
156,0.6183993091731281, ,
157,0.699161563715279, ,
158,0.05583095044721631, ,
159,-0.042382616241866344, ,
160,-0.16845565918492866, ,
161,-0.2675813550822568, ,
162,-0.20434271541330418, ,
163,-0.22921439439437563, ,
164,-0.15017949724847313, ,
165,-0.12412887246250648, ,
166,-0.0758207615090214, ,
167,-0.04104872542575322, ,
168,-0.019615690432601696, ,
169,0.002149370565348363, ,
170,0.008640020058237496, ,
171,-2.015109173868268, ,
172,-2.5230422453366828, ,
173,-1.0981645586450668, ,
174,-2.048466158341398, ,
175,-1.1690482643361975, ,
176,-0.552484123070144, ,
177,-0.10326947381508944, ,
178,0.6867671620072997, ,
179,0.9474792364344466, ,
180,1.40565745965705, ,
181,-0.4752582831906693, ,
182,0.1791698255758547, ,
183,1.4075102393480847, ,
184,1.1329268821300502, ,
185,1.4413631956344943, ,
186,1.085681963871366, ,
187,0.8977560300686491, ,
188,0.6517499369310826, ,
189,0.8899053771683612, ,
190,0.8740135755624578, ,
191,0.09156276803400942, ,
192,-0.05809960608439724, ,
193,-0.22793930271632235, ,
194,-0.34350908246915424, ,
195,-0.2762258257398571, ,
196,-0.296230050666054, ,
197,-0.20030155718905007, ,
198,-0.16210136284962573, ,
199,-0.0996454086648555, ,
200,-0.05444166042707366, ,
201,-0.02514086795736148, ,
202,0.0023374546497052506, ,
203,0.011723277701548795, ,
204,0.020645349795358925, ,
205,0.02058842997917054, ,
206,0.019199780959070267, ,
207,0.01586201888130745, ,
208,0.011558934775166563, ,
209,0.00810202235493307, ,
210,0.004593572502471943, ,
211,0.0022699212327097484, ,
212,0.508168838767233, ,
213,0.1262899486405331, ,
214,-0.611536341287092, ,
215,-0.08178987812084415, ,
216,-0.10724033519409204, ,
217,-0.09616460562733664, ,
218,-0.43931973211488184, ,
219,-0.6613565073878362, ,
220,0.05276952408030411, ,
221,0.07925427436589416, ,
222,0.20679404453767347, ,
223,0.28937795321280646, ,
224,0.2066313228999661, ,
225,0.2340951854771447, ,
226,0.14164798494107345, ,
227,0.11950531436491474, ,
228,0.06755899166637391, ,
229,0.034598298104128844, ,
230,0.01446243222949306, ,
231,-0.0065677623929332185, ,
232,-0.010997207150694521, ,
233,-0.5254160353492807, ,
234,-0.14313326846490781, ,
235,0.5955473360513679, ,
236,0.06852057512674037, ,
237,0.09760177228758948, ,
238,-0.4184471389146438, ,
239,-0.7069419107958765, ,
240,3.9314005130108853E-4, ,
241,-0.021437126755699865, ,
242,-0.36846330364869573, ,
243,-0.42151662786045563, ,
244,0.13216974952592864, ,
245,0.25201663702296173, ,
246,0.27893011594710515, ,
247,0.3653020215685956, ,
248,0.2496645512626401, ,
249,0.2502476972229033, ,
250,0.15436411709629283, ,
251,0.11192359421943365, ,
252,0.06252657050777088, ,
253,0.022799734303134755, ,
254,0.004636182240574271, ,
255,-0.015409730078772554, ,
256,-0.018560807904577814, ,
257,-0.022426036104207014, ,
258,-0.019887419558017427, ,
259,-0.01645993294687287, ,
260,-0.012709943582194683, ,
261,-0.516030741890745, ,

 ************, GATI FFT  : ,************ , , Removed 
0,56337.00000007579
1,3499.363566930726
2,1361.422731635606
3,1110.5459984151946
4,1356.2500524355496
5,1086.7765409567423
6,920.2493936045921
7,647.1386759128143
8,397.6803990198863
9,373.05443208422673
10,339.1433414836336
11,52.86036770821051
12,59.522255056355846
13,8.6064793347926
14,182.09858197396392
15,374.5612125825734
16,374.49294062737425
17,341.3785479756579
18,380.0782621399237
19,429.4152231155857
20,386.9240665659875
21,308.3263465987843
22,317.12206421558795
23,367.4829373504753
24,322.43973539591946
25,254.5768258534131
26,283.8926125651092
27,288.1928051535852
28,235.77419911657393
29,211.95728728655024
30,206.70367264919818
31,200.12253121236367
32,146.3261836717004
33,81.80703084175522
34,41.01026181959762
35,20.361269614605913
36,65.55719487404994
37,139.9964356435455
38,179.22998208118454
39,188.86120512645667
40,252.1296785303481
41,300.72413642873875
42,310.5785995546958
43,297.1685829709699
44,304.7461984355776
45,300.2441004460498
46,276.92466569676935
47,232.43805095451324
48,160.76317647124972
49,183.17014014752957
50,117.61639551293703
51,48.31236457212493
52,43.11930510260639
53,65.01058776815451
54,78.47932026875498
55,135.78487294897943
56,164.91118397622614
57,167.80040820150327
58,167.1264379242419
59,195.41291126586086
60,183.99416208063795
61,155.41317799765363
62,143.7900834156646
63,124.65617723683798
64,97.0077124065773
65,69.5821945291951
66,56.936493566296654
67,79.71031789026898
68,84.7617439222518
69,111.31427974490902
70,130.7475582192631
71,138.1275744287135
72,137.7371310055469
73,133.29814896430506
74,133.059640859604
75,126.66818679841874
76,103.38290617626447
77,91.05060700072234
78,82.20939206117251
79,58.021561138708506
80,39.842876529490745
81,57.29241812165362
82,68.60950690943832
83,76.40725898681586
84,84.7448275822686
85,100.77428761564612
86,107.75838584744886
87,96.57755416314693
88,114.4465578042316
89,115.07693667460939
90,93.81928896771318
91,94.86956803147379
92,94.01461450973132
93,78.53816542210217
94,70.93952697906799
95,85.16136312645352
96,79.61345605565994
97,64.36998698930998
98,62.4652920344673
99,73.3011370940418
100,62.96469465238535
101,62.87915578024808
102,69.32168166616103
103,71.35431968879327
104,74.13768471239138
105,73.28199535443294
106,82.12844293896002
107,80.61205069520173
108,86.25811114904242
109,88.21501655083907
110,93.57101064333116
111,97.58941505368868
112,82.47884949100118
113,71.30101593506471
114,71.26022932353337
115,65.94019215109996
116,53.53037341995171
117,62.46161479289291
118,61.74769118949889
119,54.39882106085843
120,62.26564316924122
121,75.044780614147
122,86.84571414231517
123,78.34886230685822
124,79.0903626680206
125,84.53284916981868
126,67.21144813032969
127,56.77753336768725
128,58.61218075364171
129,58.11272541725632
130,51.39927868345647
131,62.522035408077066
132,72.48700246096861
133,69.7428796734954
134,81.56493246378245
135,95.75988708734945
136,90.27571215666788
137,79.87435538012471
138,80.5437441862243
139,69.36411922492191
140,62.57752284871659
141,48.99302668108247
142,49.230109533547484
143,42.81410312962831
144,52.97455112487688
145,62.25884938140465
146,67.30571586212038
147,79.8736274355395
148,88.41457203888632
149,86.85051769976013
150,0.0
151,0.0
152,0.0
153,0.0
154,0.0
155,0.0
156,0.0
157,0.0
158,0.0
159,0.0
160,0.0
161,0.0
162,0.0
163,0.0
164,0.0
165,0.0
166,0.0
167,0.0
168,0.0
169,0.0
170,0.0
171,0.0
172,0.0
173,0.0
174,0.0
175,0.0
176,0.0
177,0.0
178,0.0
179,0.0
180,0.0
181,0.0
182,0.0
183,0.0
184,0.0
185,0.0
186,0.0
187,0.0
188,0.0
189,0.0
190,0.0
191,0.0
192,0.0
193,0.0
194,0.0
195,0.0
196,0.0
197,0.0
198,0.0
199,0.0
200,0.0
201,0.0
202,0.0
203,0.0
204,0.0
205,0.0
206,0.0
207,0.0
208,0.0
209,0.0
210,0.0
211,0.0
212,0.0
213,0.0
214,0.0
215,0.0
216,0.0
217,0.0
218,0.0
219,0.0
220,0.0
221,0.0
222,0.0
223,0.0
224,0.0
225,0.0
226,0.0
227,0.0
228,0.0
229,0.0
230,0.0
231,0.0
232,0.0
233,0.0
234,0.0
235,0.0
236,0.0
237,0.0
238,0.0
239,0.0
240,0.0
241,0.0
242,0.0
243,0.0
244,0.0
245,0.0
246,0.0
247,0.0
248,0.0
249,0.0
250,0.0
251,0.0
252,0.0
253,0.0
254,0.0
255,0.0
256,0.0
257,0.0
258,0.0
259,0.0
260,0.0
261,0.0
262,0.0
263,0.0
264,0.0
265,0.0
266,0.0
267,0.0
268,0.0
269,0.0
270,0.0
271,0.0
272,0.0
273,0.0
274,0.0
275,0.0
276,0.0
277,0.0
278,0.0
279,0.0
280,0.0
281,0.0
282,0.0
283,0.0
284,0.0
285,0.0
286,0.0
287,0.0
288,0.0
289,0.0
290,0.0
291,0.0
292,0.0
293,0.0
294,0.0
295,0.0
296,0.0
297,0.0
298,0.0
