**** , USER DATA ,****,
, Device Info, 
-------------------------------------
Model :SM-A505F
Device: a50
Manufacturer: samsung
Board: exynos9610
Brand: samsung
SDK or OS  : 30
versionRelease: 11
VERSION_CODE: 5
VERSION_NAME: 1.0
-------------------------------------

 Unique file Id,73737, 
 Front Face,true, 
 Sampling Rate  : 8,

Id provided by Hospital or Entered manually or Randomly generated, 
20220111_125713-SM-A505F-18, 

 ************, User Manual Data : ,************ ,  

Gender,Female,
height,160,
weight,70,
Age,29,
BPsystolic(Manual),109,
BPdiastolic(Manual),69,
heartrate(Manual),70,
Medication,0,
Place ,,

 ************ , Advance Settings ,************ , 

 ************, 
 {hsvMin=60.0, hsvMax=340.0, saturationMin=0.4, saturationMax=1.0, brightnessMin=0.0, brightnessMax=1.0} ,************ ,  

 
  ************, Calculated : ,************

BMI,27,
BMR,1627,
BPsystolic,113,
BPdiastolic,73,
Heartrate,85,
Respirationrate,12,
Rythm,Pitta/Kapha(Reg),
Kathinya,226,
Kapha,50.00  %,
Vata,16.67  %,
Pitta,33.33  %,
Tala Result,0.0022957744094587954,
Variance Of Heart Rate,0.19278434794186936,
BSA,1.7318886979699173,
ET,252.57,
SV,50.27080339798464,
PP,30.030348505367176,
MPP,83.25,

 ************, KPV2 ,************
K2 , 38.06  %P2 , 31.48  %V2 , 30.47  %
PPG,


Colors Code , RED , GREEN , BLUE , H, S, V , GOOD SIGNAL HSV AVG ( per sec)  , <.1
0,33.0,0.0,0.0,16.323528,0.9127517,0.58431375,129.125
1,96.0,4.0,0.0,15.671641,0.91780823,0.57254905,133.0
2,122.0,13.0,2.0,15.555555,0.9183673,0.5764706,144.625
3,126.0,14.0,2.0,16.0,0.9121622,0.5803922,144.0
4,129.0,17.0,4.0,16.444445,0.90604025,0.58431375,137.25
5,131.0,21.0,4.0,16.88889,0.9,0.5882353,138.875
6,133.0,22.0,4.0,16.0,0.90604025,0.58431375,140.0
7,134.0,24.0,4.0,16.0,0.9121622,0.5803922,139.75
8,129.0,29.0,12.0,16.764706,0.9066667,0.5882353,139.5
9,113.0,12.0,4.0,16.764706,0.90066224,0.5921569,140.625
10,120.0,14.0,3.0,17.518248,0.9013158,0.59607846,141.875
11,126.0,15.0,3.0,17.956203,0.89542484,0.6,146.125
12,132.0,19.0,5.0,17.64706,0.8947368,0.59607846,148.375
13,139.0,28.0,6.0,17.956203,0.89542484,0.6,146.75
14,143.0,33.0,8.0,18.394161,0.89542484,0.6,149.5
15,146.0,36.0,9.0,18.394161,0.8896104,0.6039216,151.0
16,145.0,36.0,9.0,18.695652,0.89032257,0.60784316,150.25
17,143.0,33.0,8.0,19.130436,0.89032257,0.60784316,147.875
18,143.0,33.0,8.0,18.695652,0.89032257,0.60784316,148.125
19,145.0,34.0,8.0,18.832117,0.88387096,0.60784316,149.875
20,146.0,36.0,9.0,19.130436,0.89032257,0.60784316,149.625
21,148.0,38.0,9.0,19.270073,0.88387096,0.60784316,151.125
22,145.0,36.0,9.0,19.270073,0.88387096,0.60784316,149.75
23,143.0,33.0,8.0,18.832117,0.88387096,0.60784316,149.875
24,144.0,33.0,8.0,18.970589,0.8888889,0.6,150.125
25,145.0,35.0,8.0,18.832117,0.8896104,0.6039216,149.125
26,147.0,37.0,9.0,18.970589,0.8831169,0.6039216,150.25
27,147.0,38.0,9.0,19.270073,0.88387096,0.60784316,146.875
28,144.0,35.0,9.0,19.411766,0.87741935,0.60784316,146.125
29,143.0,33.0,8.0,18.970589,0.8831169,0.6039216,144.625
30,142.0,33.0,8.0,18.666668,0.88235295,0.6,147.875
31,142.0,33.0,8.0,18.970589,0.8831169,0.6039216,147.625
32,142.0,33.0,8.0,19.270073,0.88387096,0.60784316,149.625
33,141.0,32.0,7.0,19.708029,0.88387096,0.60784316,153.75
34,138.0,28.0,6.0,154.5
35,137.0,26.0,5.0,135.125
36,136.0,26.0,5.0
37,137.0,26.0,6.0
38,137.0,27.0,6.0
39,136.0,26.0,6.0
40,136.0,25.0,5.0
41,136.0,25.0,5.0
42,138.0,27.0,6.0
43,139.0,28.0,6.0
44,139.0,28.0,6.0
45,139.0,28.0,6.0
46,139.0,29.0,6.0
47,140.0,30.0,7.0
48,141.0,31.0,7.0
49,141.0,32.0,7.0
50,139.0,29.0,6.0
51,139.0,28.0,6.0
52,140.0,29.0,6.0
53,140.0,30.0,7.0
54,141.0,31.0,7.0
55,140.0,30.0,7.0
56,140.0,30.0,7.0
57,140.0,31.0,7.0
58,141.0,31.0,7.0
59,140.0,31.0,7.0
60,140.0,30.0,7.0
61,138.0,28.0,6.0
62,139.0,28.0,6.0
63,140.0,29.0,7.0
64,140.0,29.0,7.0
65,140.0,30.0,7.0
66,139.0,29.0,6.0
67,138.0,27.0,6.0
68,139.0,27.0,6.0
69,140.0,29.0,6.0
70,141.0,30.0,7.0
71,140.0,30.0,7.0
72,139.0,28.0,6.0
73,139.0,27.0,6.0
74,140.0,29.0,6.0
75,141.0,31.0,7.0
76,142.0,33.0,8.0
77,141.0,32.0,7.0
78,140.0,30.0,7.0
79,141.0,31.0,7.0
80,141.0,31.0,7.0
81,142.0,32.0,7.0
82,142.0,33.0,8.0
83,140.0,30.0,7.0
84,139.0,28.0,6.0
85,141.0,30.0,7.0
86,142.0,32.0,7.0
87,145.0,36.0,8.0
88,144.0,36.0,9.0
89,143.0,34.0,8.0
90,144.0,35.0,8.0
91,146.0,38.0,9.0
92,148.0,41.0,10.0
93,149.0,43.0,11.0
94,147.0,41.0,10.0
95,146.0,38.0,9.0
96,146.0,38.0,9.0
97,147.0,40.0,10.0
98,148.0,42.0,10.0
99,150.0,44.0,11.0
100,148.0,43.0,10.0
101,148.0,42.0,11.0
102,149.0,43.0,11.0
103,149.0,43.0,11.0
104,148.0,43.0,11.0
105,149.0,44.0,11.0
106,146.0,41.0,10.0
107,145.0,38.0,9.0
108,145.0,39.0,10.0
109,147.0,41.0,10.0
110,148.0,43.0,11.0
111,148.0,44.0,11.0
112,146.0,41.0,10.0
113,147.0,42.0,10.0
114,148.0,44.0,11.0
115,150.0,46.0,12.0
116,151.0,48.0,12.0
117,150.0,46.0,12.0
118,149.0,46.0,12.0
119,150.0,47.0,12.0
120,151.0,49.0,13.0
121,152.0,51.0,13.0
122,152.0,51.0,14.0
123,150.0,47.0,12.0
124,149.0,47.0,12.0
125,150.0,48.0,13.0
126,152.0,51.0,13.0
127,153.0,52.0,14.0
128,150.0,49.0,12.0
129,149.0,47.0,12.0
130,150.0,49.0,13.0
131,151.0,50.0,13.0
132,153.0,52.0,14.0
133,151.0,51.0,13.0
134,149.0,47.0,12.0
135,149.0,47.0,12.0
136,150.0,49.0,13.0
137,150.0,49.0,13.0
138,149.0,48.0,13.0
139,146.0,43.0,11.0
140,146.0,42.0,11.0
141,147.0,44.0,12.0
142,149.0,47.0,12.0
143,149.0,48.0,13.0
144,147.0,45.0,12.0
145,147.0,44.0,12.0
146,148.0,46.0,12.0
147,150.0,49.0,13.0
148,151.0,51.0,14.0
149,148.0,48.0,13.0
150,146.0,45.0,12.0
151,147.0,45.0,12.0
152,148.0,46.0,12.0
153,149.0,48.0,13.0
154,150.0,49.0,14.0
155,148.0,47.0,13.0
156,149.0,48.0,13.0
157,150.0,49.0,13.0
158,151.0,51.0,14.0
159,152.0,53.0,15.0
160,150.0,52.0,14.0
161,148.0,48.0,13.0
162,149.0,50.0,13.0
163,150.0,51.0,14.0
164,151.0,53.0,15.0
165,151.0,54.0,15.0
166,149.0,50.0,13.0
167,149.0,50.0,13.0
168,150.0,52.0,14.0
169,151.0,54.0,15.0
170,152.0,55.0,16.0
171,152.0,55.0,16.0
172,150.0,53.0,15.0
173,150.0,53.0,15.0
174,151.0,54.0,15.0
175,151.0,55.0,15.0
176,152.0,56.0,16.0
177,150.0,53.0,15.0
178,149.0,52.0,15.0
179,150.0,54.0,15.0
180,151.0,54.0,16.0
181,151.0,55.0,16.0
182,151.0,55.0,16.0
183,148.0,51.0,14.0
184,148.0,50.0,14.0
185,149.0,51.0,14.0
186,150.0,52.0,14.0
187,151.0,54.0,15.0
188,151.0,54.0,15.0
189,148.0,50.0,14.0
190,149.0,50.0,13.0
191,150.0,52.0,14.0
192,151.0,54.0,15.0
193,152.0,56.0,15.0
194,150.0,53.0,14.0
195,149.0,52.0,14.0
196,150.0,53.0,15.0
197,151.0,55.0,15.0
198,152.0,56.0,16.0
199,150.0,54.0,15.0
200,147.0,49.0,13.0
201,148.0,49.0,13.0
202,149.0,50.0,13.0
203,150.0,52.0,14.0
204,151.0,53.0,15.0
205,148.0,49.0,13.0
206,147.0,47.0,12.0
207,149.0,50.0,13.0
208,151.0,52.0,14.0
209,152.0,55.0,15.0
210,152.0,55.0,15.0
211,149.0,51.0,14.0
212,149.0,51.0,14.0
213,150.0,51.0,14.0
214,150.0,52.0,15.0
215,151.0,53.0,15.0
216,149.0,50.0,14.0
217,146.0,46.0,12.0
218,147.0,46.0,12.0
219,148.0,48.0,13.0
220,149.0,50.0,13.0
221,148.0,49.0,13.0
222,145.0,45.0,12.0
223,146.0,45.0,12.0
224,146.0,46.0,12.0
225,147.0,47.0,13.0
226,149.0,49.0,13.0
227,146.0,46.0,12.0
228,145.0,43.0,11.0
229,145.0,42.0,11.0
230,145.0,43.0,11.0
231,146.0,45.0,12.0
232,146.0,44.0,11.0
233,143.0,40.0,10.0
234,143.0,39.0,10.0
235,144.0,41.0,10.0
236,147.0,44.0,11.0
237,147.0,46.0,12.0
238,144.0,41.0,10.0
239,144.0,41.0,10.0
240,145.0,42.0,10.0
241,147.0,45.0,11.0
242,148.0,47.0,12.0
243,147.0,47.0,12.0
244,146.0,45.0,11.0
245,147.0,46.0,12.0
246,148.0,49.0,13.0
247,150.0,51.0,14.0
248,150.0,52.0,14.0
249,147.0,48.0,13.0
250,147.0,47.0,12.0
251,147.0,47.0,13.0
252,148.0,49.0,13.0
253,150.0,51.0,14.0
254,149.0,50.0,13.0
255,146.0,47.0,12.0
256,147.0,47.0,12.0
257,148.0,49.0,13.0
258,149.0,51.0,14.0
259,150.0,53.0,15.0
260,149.0,50.0,14.0
261,148.0,49.0,13.0
262,150.0,52.0,14.0
263,151.0,53.0,15.0
264,152.0,55.0,15.0
265,153.0,57.0,16.0
266,152.0,56.0,16.0
267,153.0,57.0,16.0
268,153.0,58.0,16.0
269,154.0,59.0,17.0
270,155.0,60.0,17.0
271,155.0,61.0,17.0
272,155.0,60.0,17.0
273,155.0,61.0,18.0
274,155.0,61.0,17.0
275,155.0,62.0,18.0
276,155.0,62.0,18.0
277,155.0,61.0,18.0
278,153.0,60.0,17.0
279,154.0,60.0,17.0
280,154.0,61.0,18.0
281,155.0,62.0,18.0
282,155.0,63.0,19.0
283,154.0,61.0,18.0
284,153.0,60.0,18.0
285,154.0,61.0,18.0
286,155.0,62.0,18.0
287,155.0,63.0,18.0

 ************, After Bandpass: ,************
central frequency  ,2.25 
Width frequency  , 3.16 

 ************, PPG Signal : ,************ , , Removed 
0,0.044438568272653356, ,,-33.0
1,-1.6931841609920184, ,,-96.0
2,-1.302192677210769, ,,-122.0
3,-0.2966777317916467, ,,-126.0
4,1.0006657128212737, ,,-129.0
5,1.8439608652325887, ,,-131.0
6,0.4610973954440851, ,,-133.0
7,0.826217531194402, ,,-134.0
8,0.6775162330952753, ,,-129.0
9,1.9000421058317443, ,,70.56258688500819
10,2.0007205897077256, ,,56.53431727684756
11,0.636490825797182, ,,-1.135083311046941
12,0.021398252794483597, ,,0.1817709850575966
13,-0.5137955433519892, ,,-24.040508090153367
14,0.04829228426763166, ,,-16.61038354636122
15,0.43288152915829414, ,,-24.860773773408482
16,-0.11584540987973924, ,,-19.290312789113045
17,-1.7935551681408697, ,,-20.01119053279831
18,-1.5103861858783603, ,,-13.757512716517567
19,0.15250399321985242, ,,-6.778980598932321
20,0.08896857796639779, ,,-4.125834453755033
21,0.7132755103024238, ,,1.0575722546866473
22,-0.10368254397303645, ,,-2.396376392662887
23,-0.5053248096623975, ,,-0.9250865273097588
24,0.04948621883568194, ,,-0.6148044617088999
25,0.40001251739795407, ,,2.8991918004546733
26,-0.05577673629113633, ,,1.942630992278282
27,-0.5989888064730167, ,,2.92812001341224
28,-1.1361347709082565, ,,-1.9107133291781793
29,-0.5125062372347884, ,,-1.0625714688889047
30,1.3746887813058493, ,,-1.6603797371476503
31,0.47188972039589316, ,,-0.16954443390204688
32,0.5123371680742821, ,,0.16257606489466525
33,-0.546729119398492, ,
34,-1.0547876975454074, ,
35,0.17012466045298424, ,
36,1.0645296299005622, ,
37,1.2752065953675356, ,
38,-0.0017101306129916338, ,
39,-1.0937295385740526, ,
40,-0.6463390712535784, ,
41,0.35883929887882005, ,
42,0.9847230822715574, ,
43,1.1282013462505347, ,
44,-0.1937477265337293, ,
45,-1.2839246240687316, ,
46,-0.16104706650276057, ,
47,0.06801653036154676, ,
48,0.39337580530173, ,
49,0.4636654036175969, ,
50,-1.500446835827347, ,
51,-1.5980525495278926, ,
52,0.5594022873763151, ,
53,1.5592113404759402, ,
54,2.5179885285527916, ,
55,1.0818633645612863, ,
56,-1.3947708232776677, ,
57,-0.10735489663056796, ,
58,0.7496664762707042, ,
59,1.6325601011042181, ,
60,0.923897650087838, ,
61,-1.4932298324690692, ,
62,-2.509955311287513, ,
63,-1.516515462287316, ,
64,-0.31248839109844084, ,
65,0.6831606554051177, ,
66,1.588705003412997, ,
67,-0.3557056667098095, ,
68,-1.1317747226280517, ,
69,0.41010799708237755, ,
70,-0.11363975792050951, ,
71,-0.739209729542381, ,
72,-0.06962888482553353, ,
73,-1.5754104730509653, ,
74,-2.1841090019406693, ,
75,-0.2180958548307217, ,
76,1.3343187029861383, ,
77,2.339627130663075, ,
78,1.0471929827538133, ,
79,-0.6665579709422218, ,
80,-0.2618703965484883, ,
81,1.0177279589656791, ,
82,1.475823884198121, ,
83,1.5762672753504603, ,
84,-0.49799876728786785, ,
85,-1.562070328721802, ,
86,-0.5699612473816842, ,
87,0.2946203740933697, ,
88,0.6130776455660225, ,
89,0.09905276746167146, ,
90,-1.610853914352333, ,
91,-2.0319024270002046, ,
92,-0.19080054270943947, ,
93,1.4213565019051657, ,
94,1.7497060742533677, ,
95,-1.2606588387404827, ,
96,-1.9523834108166511, ,
97,-0.004025216131822162, ,
98,0.8376016982224428, ,
99,1.9720015744907187, ,
100,-0.08894885500876626, ,
101,-2.145054896584611, ,
102,-0.9378281964826556, ,
103,0.2672966814797064, ,
104,0.6336444264762804, ,
105,-0.3630932895238175, ,
106,-1.9496899681794275, ,
107,-1.1800832292051382, ,
108,1.0452265533234595, ,
109,2.1691129020367725, ,
110,1.8491319590895046, ,
111,-0.7053740924625345, ,
112,-0.5375038826441596, ,
113,0.5633921944418034, ,
114,1.6011494353156195, ,
115,1.6687262110248184, ,
116,-1.5681453385809618, ,
117,-2.8657659978357515, ,
118,-0.8001187757301977, ,
119,0.6893509167962293, ,
120,1.1914183426665659, ,
121,1.4926151345000562, ,
122,-0.599705584801768, ,
123,-0.27278129120190897, ,
124,0.9624208576897217, ,
125,0.6840240659466872, ,
126,1.0712596555442815, ,
127,-1.2204040654089567, ,
128,-2.5923280661523904, ,
129,-0.8126858739747149, ,
130,0.6305737185979297, ,
131,1.0805194134841258, ,
132,0.7245086834202539, ,
133,-1.1437509570234852, ,
134,-0.945587600929457, ,
135,0.525725631367095, ,
136,0.9515274547886747, ,
137,1.3093796211442168, ,
138,0.4810936092274005, ,
139,-1.3335977789280378, ,
140,-1.2645645420930123, ,
141,0.29176091126475967, ,
142,0.12331506040879958, ,
143,0.6948668508322271, ,
144,-0.7708641009420489, ,
145,-1.6520259233683419, ,
146,0.238617369646704, ,
147,0.9349603896554299, ,
148,0.792841853876439, ,
149,0.2267112419382329, ,
150,-1.7119920162597282, ,
151,-1.4803261439144535, ,
152,0.7457736236096935, ,
153,1.087546363859019, ,
154,1.6872398513442022, ,
155,0.7604835351496604, ,
156,-1.6983031204101735, ,
157,-0.8878702717089482, ,
158,0.9253117102496162, ,
159,0.8450666835593665, ,
160,1.3678000220742206, ,
161,-0.8843813055997316, ,
162,-1.706630367686671, ,
163,-0.09381323085688109, ,
164,0.6864981883131804, ,
165,1.1637129266332522, ,
166,-0.7707707671420394, ,
167,-2.816628258338369, ,
168,-0.8866392283389359, ,
169,1.0367577332756355, ,
170,1.321284686285935, ,
171,1.8059170375446456, ,
172,-1.1001968483087694, ,
173,-1.8035071258728976, ,
174,0.7991973080929711, ,
175,2.029832073891839, ,
176,1.8524378075893537, ,
177,0.6166845301996773, ,
178,-2.042934977100799, ,
179,-1.934946945105935, ,
180,0.12412123793944829, ,
181,-0.04893014044614574, ,
182,0.7787468098902082, ,
183,-0.7285731543352085, ,
184,-2.7708864701618268, ,
185,-0.5972627590165303, ,
186,1.1666000520939406, ,
187,1.5867777449143432, ,
188,0.6358774464009684, ,
189,-1.8604790651884286, ,
190,-0.3957863709990761, ,
191,0.6506289821975315, ,
192,0.8571626094418434, ,
193,2.4261926733729524, ,
194,-0.7422849963249973, ,
195,-1.7421835853986067, ,
196,-0.4647108470300054, ,
197,-0.28505384872642026, ,
198,0.9579092420605093, ,
199,0.7140044080073267, ,
200,-1.4936856496566406, ,
201,-1.1392799373539901, ,
202,0.8710404387937842, ,
203,2.498511334407567, ,
204,2.023395447573307, ,
205,-1.6766030943821306, ,
206,-1.24662539062615, ,
207,0.21155397385041397, ,
208,1.3961624843436766, ,
209,1.6626310060217975, ,
210,-0.29016510088240466, ,
211,-1.2117262288273878, ,
212,-0.39799896538431767, ,
213,0.6120706781740637, ,
214,1.2896803811582913, ,
215,0.7663116122791962, ,
216,-2.343715916315432, ,
217,-1.8102656823807592, ,
218,-0.6210008003822622, ,
219,0.19333862101257182, ,
220,1.9160327161042687, ,
221,0.36807592840000325, ,
222,-2.1390449683343604, ,
223,-0.8216685733516442, ,
224,0.9314726068024584, ,
225,1.029987098743959, ,
226,1.5064429553266336, ,
227,-0.12239182571875062, ,
228,-1.1171244914687577, ,
229,0.5131969932042466, ,
230,1.1778251772084332, ,
231,0.817587865106816, ,
232,0.9199016361110353, ,
233,-0.7037081949810045, ,
234,-0.4654427147017941, ,
235,-0.25245663420685105, ,
236,-0.2387707659016769, ,
237,0.6506066595497941, ,
238,-0.26588221174506543, ,
239,-0.4001959570230156, ,
240,-0.6533162122146905, ,
241,-0.5422449229301947, ,
242,-0.49390581521129207, ,
243,-0.35664416102008545, ,
244,-0.23021449416637552, ,
245,-1.4036636291991726, ,
246,-0.34364126280411256, ,
247,0.5702201593364862, ,
248,0.6936396998690952, ,
249,0.9574226097088285, ,
250,-0.563440375593359, ,
251,-0.85707639223142, ,
252,0.05323731151929678, ,
253,1.1306447647566529, ,
254,0.5320624797058144, ,

 ************, GATI FFT  : ,************ , , Removed 
0,41940.06886022005
1,812.3528110077169
2,321.7760226349746
3,145.69000471351617
4,428.94981889326783
5,378.2344546495134
6,396.98343944576675
7,320.93540269093955
8,449.61265087684257
9,348.5306990550253
10,294.5166919702892
11,239.90124628343645
12,117.24025559606339
13,134.20217435297303
14,145.88531585662318
15,111.1366653803857
16,161.52838142151415
17,144.1169730594598
18,96.3484462795309
19,104.69855642567683
20,98.01056698991243
21,157.0463816641171
22,115.27586077764013
23,169.5389827786963
24,181.1782918443356
25,183.32938645400014
26,173.30576724325243
27,210.27238045462076
28,192.70908393861893
29,199.06758854668846
30,212.04338737402097
31,200.51420617772413
32,187.84918267466057
33,191.9530636811434
34,175.2914409599709
35,180.63895656574573
36,178.12320180489158
37,140.27458970677773
38,161.0900517787312
39,146.70121641297277
40,130.86148630336953
41,116.06373470426237
42,110.81894349916278
43,94.95494912357422
44,96.72261212481293
45,98.42228692205322
46,98.3813525813379
47,90.36929431851581
48,123.18684994754919
49,125.92424611521854
50,92.07003135935479
51,96.98547729940088
52,243.68919605266265
53,137.4898322140046
54,112.6968684849372
55,89.7915780583477
56,136.47462058166457
57,109.020886461229
58,149.96502375176408
59,130.97156428421042
60,136.28304822826362
61,133.5250538471671
62,147.28446813520367
63,140.53759430277537
64,145.49529984519606
65,141.65692386991415
66,126.32304176305894
67,125.93895297468423
68,129.42191076485042
69,130.2130246810262
70,125.56670399201992
71,113.46114495484295
72,114.9086593777858
73,110.72758745021531
74,109.41888588349417
75,109.51867027820141
76,97.74986152318978
77,99.91299749815835
78,94.6313232693919
79,90.6786802926333
80,93.45074402375529
81,102.73353396504226
82,88.85943197404683
83,89.84931998269202
84,89.93503004043204
85,98.75541261940805
86,107.18762710588639
87,99.02610325735766
88,100.05101686759622
89,100.95887518537981
90,104.63323059302219
91,105.0566104934392
92,100.84489524326344
93,103.29231218882767
94,110.52260478370029
95,109.42903032858145
96,96.94843990493091
97,109.70318635774461
98,100.38281116418129
99,93.21013623157056
100,96.86261490451236
101,105.96502813127987
102,98.25886296025237
103,94.73002631121169
104,131.6953719245664
105,99.08099048849083
106,79.87661330821696
107,70.06682062079572
108,94.38286379832871
109,76.38130578546087
110,82.42183990291161
111,72.31258465805728
112,78.2658318600934
113,82.3609307484845
114,88.21067834903988
115,79.32967745710357
116,77.3762896539903
117,89.51260087462332
118,85.30254471285562
119,84.41715136248801
120,85.81623718369823
121,86.29366600382768
122,84.57510367004328
123,80.98402213486912
124,84.30252055762998
125,87.75686392114355
126,95.98062194462258
127,92.74567675114709
128,90.98242847615401
129,80.81149461890091
130,89.82144412876856
131,91.7191527192362
132,91.4185080003447
133,81.17845606204017
134,82.70276101392294
135,78.30262860332381
136,79.62748613683794
137,83.04832370636846
138,76.65759120571424
139,74.84723946825041
140,70.03122145633841
141,86.41893424461887
142,79.3202258703489
143,77.78983072833125
144,0.0
145,0.0
146,0.0
147,0.0
148,0.0
149,0.0
150,0.0
151,0.0
152,0.0
153,0.0
154,0.0
155,0.0
156,0.0
157,0.0
158,0.0
159,0.0
160,0.0
161,0.0
162,0.0
163,0.0
164,0.0
165,0.0
166,0.0
167,0.0
168,0.0
169,0.0
170,0.0
171,0.0
172,0.0
173,0.0
174,0.0
175,0.0
176,0.0
177,0.0
178,0.0
179,0.0
180,0.0
181,0.0
182,0.0
183,0.0
184,0.0
185,0.0
186,0.0
187,0.0
188,0.0
189,0.0
190,0.0
191,0.0
192,0.0
193,0.0
194,0.0
195,0.0
196,0.0
197,0.0
198,0.0
199,0.0
200,0.0
201,0.0
202,0.0
203,0.0
204,0.0
205,0.0
206,0.0
207,0.0
208,0.0
209,0.0
210,0.0
211,0.0
212,0.0
213,0.0
214,0.0
215,0.0
216,0.0
217,0.0
218,0.0
219,0.0
220,0.0
221,0.0
222,0.0
223,0.0
224,0.0
225,0.0
226,0.0
227,0.0
228,0.0
229,0.0
230,0.0
231,0.0
232,0.0
233,0.0
234,0.0
235,0.0
236,0.0
237,0.0
238,0.0
239,0.0
240,0.0
241,0.0
242,0.0
243,0.0
244,0.0
245,0.0
246,0.0
247,0.0
248,0.0
249,0.0
250,0.0
251,0.0
252,0.0
253,0.0
254,0.0
255,0.0
256,0.0
257,0.0
258,0.0
259,0.0
260,0.0
261,0.0
262,0.0
263,0.0
264,0.0
265,0.0
266,0.0
267,0.0
268,0.0
269,0.0
270,0.0
271,0.0
272,0.0
273,0.0
274,0.0
275,0.0
276,0.0
277,0.0
278,0.0
279,0.0
280,0.0
281,0.0
282,0.0
283,0.0
284,0.0
285,0.0
286,0.0
287,0.0
