**** , USER DATA ,****,
, Device Info, 
-------------------------------------
Model :SM-A505F
Device: a50
Manufacturer: samsung
Board: exynos9610
Brand: samsung
SDK or OS  : 30
versionRelease: 11
VERSION_CODE: 5
VERSION_NAME: 1.0
-------------------------------------

 Unique file Id,6315, 
 Front Face,true, 
 Sampling Rate  : 8,

Id provided by Hospital or Entered manually or Randomly generated, 
20220111_153228-SM-A505F-32, 

 ************, User Manual Data : ,************ ,  

Gender,Female,
height,160,
weight,70,
Age,29,
BPsystolic(Manual),120,
BPdiastolic(Manual),69,
heartrate(Manual),70,
Medication,0,
Place ,,

 ************ , Advance Settings ,************ , 

 ************, 
 {hsvMin=60.0, hsvMax=340.0, saturationMin=0.4, saturationMax=1.0, brightnessMin=0.0, brightnessMax=1.0} ,************ ,  

 
  ************, Calculated : ,************

BMI,27,
BMR,1627,
BPsystolic,102,
BPdiastolic,76,
Heartrate,118,
Respirationrate,12,
Rythm,Pitta/Kapha(Reg),
Kathinya,314,
Kapha,0.00  %,
Vata,50.00  %,
Pitta,50.00  %,
Tala Result,0.005663461238195485,
Variance Of Heart Rate,0.2578125764597695,
BSA,1.7318886979699173,
ET,252.57,
SV,29.810803397984657,
PP,19.3325573268383,
MPP,83.25,

 ************, KPV2 ,************
K2 , 46.28  %P2 , 26.79  %V2 , 26.94  %
PPG,


Colors Code , RED , GREEN , BLUE , H, S, V , GOOD SIGNAL HSV AVG ( per sec)  , <.1
0,170.0,10.0,1.0,10.935961,0.82186234,0.96862745,254.375,0.0
1,187.0,24.0,8.0,10.882353,0.8259109,0.96862745,249.125,0.0
2,204.0,32.0,12.0,10.882353,0.8259109,0.96862745,248.0,0.0
3,239.0,58.0,29.0,10.640394,0.82186234,0.96862745,248.0,0.0
4,245.0,74.0,42.0,10.935961,0.82186234,0.96862745,248.0,0.0
5,247.0,77.0,44.0,10.882353,0.82258064,0.972549,248.0,0.0
6,247.0,78.0,46.0,10.882353,0.82258064,0.972549,248.0,0.0
7,248.0,79.0,47.0,11.176471,0.8259109,0.96862745,248.0,0.0
8,248.0,81.0,47.0,10.882353,0.8259109,0.96862745,248.0,0.0
9,249.0,82.0,48.0,10.882353,0.82258064,0.972549,248.0,0.0
10,249.0,84.0,49.0,10.882353,0.82258064,0.972549,248.0,0.0
11,249.0,84.0,49.0,10.935961,0.8185484,0.972549,248.0,0.0
12,250.0,85.0,49.0,11.176471,0.82258064,0.972549,248.0,0.0
13,249.0,85.0,49.0,10.882353,0.82258064,0.972549,248.0,0.0
14,249.0,86.0,49.0,10.882353,0.82258064,0.972549,247.625
15,249.0,86.0,48.0,10.882353,0.82258064,0.972549,247.375
16,249.0,86.0,48.0,10.882353,0.82258064,0.972549,247.25
17,248.0,85.0,47.0,10.935961,0.8185484,0.972549,247.0
18,248.0,85.0,46.0,10.935961,0.8185484,0.972549,247.125
19,248.0,84.0,46.0,11.176471,0.82258064,0.972549,247.875
20,248.0,85.0,46.0,10.935961,0.8185484,0.972549,247.75
21,248.0,85.0,46.0,11.231526,0.8185484,0.972549,247.5
22,248.0,85.0,46.0,11.287128,0.8145161,0.972549,248.0
23,248.0,85.0,46.0,11.584159,0.8145161,0.972549,248.0
24,248.0,85.0,46.0,11.584159,0.8145161,0.972549,248.0
25,248.0,85.0,46.0,11.584159,0.8145161,0.972549,247.875
26,248.0,85.0,46.0,11.527094,0.81526107,0.9764706,248.0
27,248.0,86.0,47.0,11.584159,0.81124496,0.9764706,247.5
28,248.0,86.0,46.0,11.584159,0.81124496,0.9764706,246.375
29,248.0,86.0,47.0,11.584159,0.81124496,0.9764706,246.0
30,248.0,86.0,46.0,11.584159,0.81124496,0.9764706,246.375
31,248.0,87.0,47.0,11.764706,0.82258064,0.972549,247.125
32,248.0,87.0,47.0,11.764706,0.82258064,0.972549,247.375
33,248.0,87.0,47.0,248.0
34,248.0,87.0,47.0,248.0
35,248.0,87.0,47.0,217.625
36,248.0,87.0,47.0
37,248.0,87.0,47.0
38,248.0,87.0,47.0
39,248.0,86.0,47.0
40,248.0,85.0,46.0
41,248.0,85.0,46.0
42,248.0,85.0,46.0
43,248.0,86.0,47.0
44,248.0,86.0,47.0
45,248.0,85.0,46.0
46,248.0,85.0,46.0
47,248.0,85.0,46.0
48,248.0,85.0,46.0
49,248.0,85.0,47.0
50,248.0,86.0,47.0
51,248.0,85.0,46.0
52,248.0,85.0,46.0
53,248.0,85.0,46.0
54,248.0,85.0,46.0
55,248.0,86.0,47.0
56,248.0,86.0,47.0
57,248.0,85.0,47.0
58,248.0,85.0,46.0
59,248.0,85.0,46.0
60,248.0,86.0,46.0
61,248.0,86.0,47.0
62,248.0,86.0,47.0
63,248.0,86.0,46.0
64,248.0,85.0,46.0
65,248.0,86.0,46.0
66,248.0,86.0,46.0
67,248.0,86.0,47.0
68,248.0,87.0,47.0
69,248.0,87.0,47.0
70,248.0,86.0,47.0
71,248.0,87.0,47.0
72,248.0,87.0,47.0
73,248.0,87.0,47.0
74,248.0,88.0,48.0
75,248.0,87.0,47.0
76,248.0,87.0,47.0
77,248.0,87.0,47.0
78,248.0,88.0,47.0
79,248.0,88.0,48.0
80,248.0,88.0,48.0
81,248.0,87.0,47.0
82,248.0,87.0,47.0
83,248.0,87.0,47.0
84,248.0,88.0,48.0
85,248.0,88.0,48.0
86,248.0,88.0,48.0
87,248.0,88.0,48.0
88,248.0,88.0,48.0
89,248.0,88.0,48.0
90,248.0,89.0,48.0
91,248.0,89.0,48.0
92,248.0,89.0,48.0
93,248.0,89.0,48.0
94,248.0,89.0,48.0
95,248.0,89.0,48.0
96,248.0,90.0,49.0
97,248.0,90.0,49.0
98,248.0,90.0,49.0
99,248.0,89.0,48.0
100,248.0,89.0,48.0
101,248.0,89.0,48.0
102,248.0,90.0,49.0
103,248.0,90.0,49.0
104,248.0,90.0,49.0
105,248.0,90.0,49.0
106,248.0,90.0,49.0
107,248.0,90.0,49.0
108,248.0,90.0,49.0
109,248.0,90.0,49.0
110,248.0,90.0,49.0
111,248.0,90.0,49.0
112,248.0,89.0,49.0
113,248.0,89.0,48.0
114,248.0,89.0,48.0
115,248.0,89.0,49.0
116,248.0,90.0,49.0
117,248.0,89.0,48.0
118,247.0,88.0,48.0
119,247.0,88.0,47.0
120,247.0,87.0,47.0
121,247.0,88.0,48.0
122,247.0,88.0,48.0
123,247.0,88.0,48.0
124,247.0,87.0,47.0
125,247.0,87.0,47.0
126,248.0,88.0,47.0
127,248.0,88.0,48.0
128,248.0,89.0,48.0
129,248.0,88.0,48.0
130,248.0,88.0,48.0
131,247.0,88.0,48.0
132,247.0,88.0,48.0
133,247.0,88.0,48.0
134,247.0,88.0,48.0
135,247.0,87.0,47.0
136,247.0,87.0,47.0
137,247.0,87.0,48.0
138,247.0,88.0,48.0
139,247.0,88.0,48.0
140,247.0,87.0,47.0
141,247.0,86.0,47.0
142,247.0,86.0,47.0
143,247.0,87.0,47.0
144,247.0,87.0,47.0
145,247.0,87.0,47.0
146,247.0,87.0,47.0
147,247.0,86.0,47.0
148,247.0,87.0,47.0
149,247.0,87.0,47.0
150,247.0,88.0,48.0
151,248.0,88.0,48.0
152,247.0,88.0,47.0
153,247.0,88.0,47.0
154,248.0,88.0,48.0
155,248.0,89.0,48.0
156,248.0,89.0,48.0
157,248.0,89.0,48.0
158,248.0,89.0,48.0
159,248.0,88.0,48.0
160,248.0,88.0,48.0
161,248.0,89.0,48.0
162,248.0,89.0,48.0
163,248.0,89.0,48.0
164,248.0,88.0,47.0
165,247.0,87.0,47.0
166,247.0,87.0,47.0
167,248.0,88.0,47.0
168,248.0,88.0,48.0
169,248.0,88.0,48.0
170,247.0,87.0,47.0
171,247.0,87.0,47.0
172,247.0,87.0,47.0
173,247.0,88.0,48.0
174,248.0,88.0,48.0
175,248.0,88.0,48.0
176,248.0,88.0,47.0
177,248.0,88.0,47.0
178,248.0,88.0,48.0
179,248.0,89.0,48.0
180,248.0,90.0,48.0
181,248.0,90.0,48.0
182,248.0,89.0,48.0
183,248.0,89.0,48.0
184,248.0,89.0,48.0
185,248.0,90.0,48.0
186,248.0,90.0,49.0
187,248.0,90.0,49.0
188,248.0,89.0,48.0
189,248.0,89.0,48.0
190,248.0,89.0,48.0
191,248.0,89.0,48.0
192,248.0,90.0,48.0
193,248.0,89.0,48.0
194,248.0,88.0,47.0
195,248.0,88.0,47.0
196,248.0,89.0,48.0
197,248.0,89.0,48.0
198,248.0,89.0,48.0
199,248.0,88.0,47.0
200,248.0,88.0,47.0
201,248.0,88.0,47.0
202,248.0,88.0,47.0
203,248.0,88.0,48.0
204,248.0,89.0,48.0
205,248.0,88.0,47.0
206,248.0,87.0,47.0
207,247.0,87.0,46.0
208,248.0,87.0,47.0
209,248.0,88.0,47.0
210,248.0,88.0,47.0
211,248.0,87.0,47.0
212,248.0,87.0,47.0
213,248.0,87.0,47.0
214,248.0,88.0,47.0
215,248.0,88.0,47.0
216,248.0,87.0,46.0
217,247.0,87.0,46.0
218,248.0,87.0,46.0
219,248.0,87.0,47.0
220,248.0,88.0,47.0
221,248.0,87.0,46.0
222,247.0,85.0,45.0
223,247.0,84.0,44.0
224,247.0,84.0,44.0
225,247.0,83.0,44.0
226,247.0,83.0,44.0
227,246.0,81.0,43.0
228,246.0,80.0,42.0
229,246.0,80.0,42.0
230,246.0,80.0,42.0
231,247.0,81.0,43.0
232,246.0,80.0,42.0
233,246.0,79.0,41.0
234,246.0,79.0,41.0
235,246.0,79.0,41.0
236,246.0,79.0,42.0
237,246.0,80.0,42.0
238,246.0,79.0,41.0
239,246.0,78.0,41.0
240,246.0,78.0,41.0
241,246.0,79.0,41.0
242,246.0,80.0,42.0
243,246.0,79.0,42.0
244,246.0,78.0,40.0
245,246.0,77.0,40.0
246,246.0,77.0,40.0
247,247.0,81.0,44.0
248,248.0,83.0,45.0
249,248.0,82.0,45.0
250,247.0,80.0,44.0
251,247.0,79.0,43.0
252,247.0,80.0,43.0
253,247.0,80.0,43.0
254,247.0,81.0,44.0
255,247.0,81.0,44.0
256,247.0,80.0,43.0
257,247.0,80.0,43.0
258,247.0,80.0,44.0
259,247.0,81.0,44.0
260,248.0,81.0,44.0
261,248.0,81.0,44.0
262,247.0,81.0,43.0
263,247.0,80.0,43.0
264,248.0,81.0,44.0
265,248.0,81.0,44.0
266,248.0,82.0,45.0
267,248.0,82.0,44.0
268,248.0,81.0,44.0
269,248.0,81.0,44.0
270,248.0,81.0,44.0
271,248.0,81.0,44.0
272,248.0,82.0,45.0
273,248.0,82.0,45.0
274,248.0,82.0,44.0
275,248.0,82.0,45.0
276,248.0,83.0,45.0
277,248.0,84.0,46.0
278,248.0,85.0,46.0
279,248.0,85.0,46.0
280,248.0,85.0,46.0
281,249.0,85.0,46.0
282,249.0,86.0,47.0
283,249.0,86.0,47.0
284,249.0,86.0,47.0
285,249.0,86.0,47.0
286,248.0,84.0,44.0
287,248.0,84.0,44.0

 ************, After Bandpass: ,************
central frequency  ,2.25 
Width frequency  , 3.16 

 ************, PPG Signal : ,************ , , Removed 
0,0.12577114878058637, ,,-170.0
1,-0.3274815496424708, ,,-187.0
2,-0.08884826640974097, ,,-204.0
3,-0.05924604033589276, ,,-239.0
4,-0.15970351949567885, ,,-245.0
5,0.09918846969890183, ,,-247.0
6,-0.16823726529855776, ,,-247.0
7,0.15971919774688104, ,,-248.0
8,-0.15085239430391084, ,,-248.0
9,0.15702366904156406, ,,155.4874702156375
10,-0.12255376198640988, ,,114.94365230465115
11,0.12438757282211554, ,,-17.87757638829268
12,-0.0906603981131866, ,,-12.226726887073937
13,0.0845266000196716, ,,-67.12687117570306
14,-0.06003614109113187, ,,-43.97961444906912
15,0.04937075082261799, ,,-54.92151248592859
16,-0.0340822736473001, ,,-33.705015534069844
17,0.02324475895056821, ,,-28.479917760889066
18,-0.014588587163871125, ,,-17.11709811276114
19,0.006252373022562097, ,,-6.951668138492778
20,-0.001774729786802709, ,,-5.268909320777311
21,-0.0033090427623392316, ,,3.5882466127147836
22,0.005283426379719458, ,,-0.4780820211626633
23,-0.007576445517088359, ,,6.262488730730183
24,0.008071640788784862, ,,0.2596994889649977
25,-0.008483643305908117, ,,5.22015549652906
26,0.008136533322840478, ,,-0.32478015960873563
27,-0.007538783713698649, ,,3.2588998914802687
28,0.006775726410751304, ,,-0.8294157224556784
29,-0.005801105960244968, ,,1.6357379318258154
30,0.0049159387956478895, ,,-0.8967480798555698
31,-0.003940133935202539, ,,0.6334185751356927
32,0.0031216231636790326, ,,-0.6555725691855514
33,-0.0023219626405079907, ,
34,0.0016695996716862282, ,
35,-0.001097535862299992, ,
36,6.412796724362124E-4, ,
37,-2.8096623236706364E-4, ,
38,4.983240160072455E-6, ,
39,1.878410625977267E-4, ,
40,-3.2256384429274476E-4, ,
41,3.980769845384202E-4, ,
42,-4.364012868336431E-4, ,
43,4.393505514599383E-4, ,
44,-4.213268809962756E-4, ,
45,3.864830509883177E-4, ,
46,-3.425552197313664E-4, ,
47,2.940142978786753E-4, ,
48,-2.44294615868057E-4, ,
49,1.9676774354593363E-4, ,
50,-1.5255108610290335E-4, ,
51,1.1349129158588767E-4, ,
52,-7.961110168253072E-5, ,
53,5.147271463101788E-5, ,
54,-2.8638189178309403E-5, ,
55,1.0867231594602345E-5, ,
56,2.4347577891603578E-6, ,
57,-1.1864352927659638E-5, ,
58,1.802307224352262E-5, ,
59,-2.1561872017628048E-5, ,
60,2.300969367752259E-5, ,
61,-2.2915719000593526E-5, ,
62,2.1696467001675046E-5, ,
63,-1.9747194073715946E-5, ,
64,1.7361028767481912E-5, ,
65,-1.4785572602704633E-5, ,
66,1.2200850505905692E-5, ,
67,-9.737861546454951E-6, ,
68,7.486483355023665E-6, ,
69,-5.4971492318145465E-6, ,
70,3.796845703618601E-6, ,
71,-2.3870388758950867E-6, ,
72,1.2570967555802781E-6, ,
73,-3.8344614949892275E-7, ,
74,-2.623178261274006E-7, ,
75,7.126259333745111E-7, ,
76,-1.0002108865592163E-6, ,
77,1.1566667126317043E-6, ,
78,-1.2113437151128892E-6, ,
79,1.1901620382559486E-6, ,
80,-1.1157103472214658E-6, ,
81,1.0066669346997514E-6, ,
82,-8.782969871390378E-7, ,
83,7.424187060678378E-7, ,
84,-6.079449121898506E-7, ,
85,-0.6244471903787598, ,
86,-0.46162145982953007, ,
87,0.07179776106431746, ,
88,0.05161096276515309, ,
89,0.268932015752398, ,
90,0.17448266047063044, ,
91,0.22064940395785015, ,
92,0.1344887542431934, ,
93,0.7366963017202579, ,
94,0.5283252061167332, ,
95,-0.04324484123003458, ,
96,-0.0301542096913181, ,
97,-0.28207963872978326, ,
98,-0.7961563684521025, ,
99,-0.7065064553798948, ,
100,-0.06305507451043013, ,
101,-0.0812151905392966, ,
102,0.20390857783468164, ,
103,0.1328608210733364, ,
104,0.20269087991209744, ,
105,0.14092497090518918, ,
106,0.11314649482073946, ,
107,0.08823225142509727, ,
108,0.03158896189142979, ,
109,0.04140504810584389, ,
110,-0.0134808144030103, ,
111,0.016125843028476083, ,
112,-0.027469013591144176, ,
113,0.006954030617180251, ,
114,-0.024628727070194145, ,
115,0.005053268679148459, ,
116,-0.016373600267115762, ,
117,0.004735051055149597, ,
118,0.61575929199239, ,
119,-0.1589390006765825, ,
120,-0.536895015708069, ,
121,0.647071402557458, ,
122,0.24370469113841864, ,
123,0.023582209612413862, ,
124,-0.09706734266069361, ,
125,-0.18297107024363868, ,
126,-0.15110503008395426, ,
127,-0.1759202246471432, ,
128,-0.0951976078683856, ,
129,-0.10614682121195074, ,
130,-0.03113547877592282, ,
131,-0.04537140746879231, ,
132,-0.6181623530610523, ,
133,-0.47302296736734206, ,
134,0.7141885153669136, ,
135,0.5147692820651173, ,
136,0.21255487815005836, ,
137,-0.4978073184929599, ,
138,-0.5012199975515159, ,
139,0.03439099222623554, ,
140,-0.05385929628960184, ,
141,0.8269166992245118, ,
142,0.5520233066204128, ,
143,0.10437232420508735, ,
144,0.03952405148129401, ,
145,-0.1746651018979719, ,
146,-0.12060987261111222, ,
147,-0.19447770389206198, ,
148,-0.11073244742101451, ,
149,-0.12261681662039337, ,
150,-0.05732027405338158, ,
151,-0.05036686076937258, ,
152,-0.015985339316557656, ,
153,-0.006841150555146669, ,
154,0.0026491599742257677, ,
155,0.010397015427997758, ,
156,0.005843112688580732, ,
157,0.01262644650250877, ,
158,0.002900212090480636, ,
159,0.00927197131295543, ,
160,-4.5742286238237284E-4, ,
161,0.00538412243622588, ,
162,-0.002203133145940228, ,
163,0.00267079369041312, ,
164,-0.0024021905294375756, ,
165,0.0011769607122005254, ,
166,-0.0017830255571880116, ,
167,4.600045604092884E-4, ,
168,-9.854370941866364E-4, ,
169,1.259182527064695E-4, ,
170,-3.4841795059037395E-4, ,
171,-4.457357545106788E-5, ,
172,3.7050755508971633E-5, ,
173,-1.390500856359722E-4, ,
174,-0.6242377932508134, ,
175,0.16264296288636615, ,
176,0.5336654239513337, ,
177,-0.020374628132003636, ,
178,0.21753628834949268, ,
179,-0.09461336062145165, ,
180,0.046327141901201685, ,
181,-0.08628548378010237, ,
182,-0.02213464173155444, ,
183,-0.04562720103558604, ,
184,-0.6625385995944271, ,
185,0.15568486344022858, ,
186,0.49884196538141623, ,
187,-0.004283316088049105, ,
188,0.19031778475346073, ,
189,-0.6950260047783559, ,
190,-0.43567313595167434, ,
191,0.007903162967068056, ,
192,0.014610942938816152, ,
193,0.2399661060735525, ,
194,-0.49833740358167233, ,
195,-0.23767328561416434, ,
196,0.16529217458560197, ,
197,0.18517056339214832, ,
198,0.9297642793521845, ,
199,0.0660643483693093, ,
200,-0.31259606978665033, ,
201,0.1637722971297535, ,
202,-0.11670975108518178, ,
203,0.15250113007664368, ,
204,-0.027144815314159132, ,
205,0.09612694588759041, ,
206,0.005632628424109498, ,
207,0.03939279333530976, ,
208,0.015240172337598779, ,
209,9.950983701401128E-4, ,
210,0.017509376085399708, ,
211,-0.01768374614084678, ,
212,0.01754824470094718, ,
213,-0.022441652593442996, ,
214,0.6406887635976091, ,
215,1.0662271026048984, ,
216,0.40353138036471137, ,
217,-0.7624728663204223, ,
218,-0.7717968606718841, ,
219,-0.3809884310076086, ,
220,-0.33664683255142336, ,
221,-0.0913816000065708, ,
222,-0.068443716010961, ,
223,0.039452350768897304, ,
224,0.04073828682976455, ,
225,0.06181856708417399, ,
226,0.05841817198188437, ,
227,0.6639384559118753, ,
228,0.503784341260598, ,
229,-0.6838194247150113, ,
230,-0.4905430686649197, ,
231,0.42299966761902397, ,
232,0.3487874988745716, ,
233,-0.03363724263567747, ,
234,-0.0075187573988841905, ,
235,-0.169894681065216, ,
236,-0.10472450995121108, ,
237,-0.14318720283972652, ,
238,-0.08795763135958623, ,
239,-0.07372155171037775, ,
240,-0.04715495511482004, ,
241,-0.01852991344367183, ,
242,-0.01790272785660818, ,
243,0.009565373058194382, ,
244,-0.004828624117863001, ,
245,0.01727087065046362, ,
246,-0.0017640015516917629, ,
247,0.014855527753297793, ,
248,0.6221466500235238, ,
249,0.47124522283797887, ,
250,-0.07474350838106147, ,
251,-0.04655104072867289, ,
252,-0.2716447868076557, ,
253,-0.7968406199902347, ,
254,-0.6841162105197327, ,

 ************, GATI FFT  : ,************ , , Removed 
0,71146.02049306764
1,182.57348285992492
2,188.52858071333355
3,122.19828581758124
4,188.29921841243328
5,205.2671036870463
6,209.2393481504151
7,191.32630879790375
8,187.16712679549448
9,189.7303551535035
10,215.16566100228275
11,190.42390949067092
12,206.06887957077222
13,184.38133022518616
14,197.1951119340738
15,191.02851180856467
16,180.5402147992466
17,198.27412114049534
18,183.54835550509162
19,194.03482050216417
20,176.13495912798786
21,172.22922561119364
22,173.2118993250372
23,166.24243495311813
24,177.399870058121
25,167.17912413859924
26,167.6238081597167
27,164.09689030473464
28,161.25208757211152
29,156.90083309537425
30,153.96445855069555
31,158.108870690244
32,161.2331289029558
33,155.51634128186805
34,148.82730661368632
35,149.1395036428216
36,139.4692195144025
37,144.25274107477384
38,137.477429370504
39,141.74001136073392
40,135.7363099408483
41,125.62356285252004
42,133.13674904279986
43,121.85574538783264
44,131.37573452868207
45,121.5906377952268
46,124.0144952771754
47,125.13930097515906
48,114.4071676076285
49,116.8764541917703
50,99.36752605315127
51,109.4195456508481
52,109.85433413369867
53,110.1173597002806
54,104.50278660308223
55,97.12201823535973
56,102.6551479099568
57,97.29677875891637
58,89.80583510928444
59,90.14827551511088
60,86.94026247581824
61,90.82876666709626
62,81.22183047117622
63,82.1361164539052
64,79.81891004411973
65,77.41531429123096
66,81.81890118685286
67,75.95931705310065
68,79.20235053509101
69,66.14234308752263
70,68.58512506889019
71,59.3754407253864
72,61.05735008989499
73,58.3336791535898
74,59.18654195968487
75,57.92501123239928
76,54.932988930673766
77,56.339329141139814
78,52.1353165698692
79,49.36951183483932
80,47.50709818812039
81,48.92114670350572
82,46.377418112957585
83,45.81259315517677
84,44.03027256670061
85,45.8428141934896
86,40.37812715283711
87,43.18065925837824
88,44.47431342155345
89,44.375274386147225
90,39.240131926466994
91,37.26879109526062
92,37.61105871743966
93,37.16201727886535
94,32.404693974210595
95,34.73610957989585
96,34.65544690232691
97,36.46098748484227
98,37.3002802620628
99,36.85959759986432
100,39.432306831991205
101,35.47583081048711
102,38.4042415581955
103,38.39347015895857
104,39.79530847190415
105,39.10109822956468
106,39.781467780615856
107,37.30522062026568
108,42.05159697375843
109,40.885703927507166
110,45.33617087983268
111,38.26794999339812
112,40.38943502930186
113,46.12590766050274
114,44.419800404250736
115,44.116621321285514
116,37.259105645268775
117,46.437662282579
118,45.537730708909685
119,43.85044828376111
120,43.442906249027445
121,44.16756563533838
122,46.44090071554048
123,46.32977557665839
124,45.458604924030546
125,48.92986767495976
126,44.377706452233674
127,50.53367412309044
128,49.171330503979235
129,52.470149322670856
130,51.8342664980788
131,51.28991723924695
132,53.724693864036574
133,51.01313620177325
134,56.520407161997035
135,54.43907688215417
136,55.248622495529816
137,54.19572492419472
138,57.89661890142533
139,57.15125918705343
140,53.955690550408704
141,53.752388033399704
142,55.91234044345017
143,55.385971778540764
144,0.0
145,0.0
146,0.0
147,0.0
148,0.0
149,0.0
150,0.0
151,0.0
152,0.0
153,0.0
154,0.0
155,0.0
156,0.0
157,0.0
158,0.0
159,0.0
160,0.0
161,0.0
162,0.0
163,0.0
164,0.0
165,0.0
166,0.0
167,0.0
168,0.0
169,0.0
170,0.0
171,0.0
172,0.0
173,0.0
174,0.0
175,0.0
176,0.0
177,0.0
178,0.0
179,0.0
180,0.0
181,0.0
182,0.0
183,0.0
184,0.0
185,0.0
186,0.0
187,0.0
188,0.0
189,0.0
190,0.0
191,0.0
192,0.0
193,0.0
194,0.0
195,0.0
196,0.0
197,0.0
198,0.0
199,0.0
200,0.0
201,0.0
202,0.0
203,0.0
204,0.0
205,0.0
206,0.0
207,0.0
208,0.0
209,0.0
210,0.0
211,0.0
212,0.0
213,0.0
214,0.0
215,0.0
216,0.0
217,0.0
218,0.0
219,0.0
220,0.0
221,0.0
222,0.0
223,0.0
224,0.0
225,0.0
226,0.0
227,0.0
228,0.0
229,0.0
230,0.0
231,0.0
232,0.0
233,0.0
234,0.0
235,0.0
236,0.0
237,0.0
238,0.0
239,0.0
240,0.0
241,0.0
242,0.0
243,0.0
244,0.0
245,0.0
246,0.0
247,0.0
248,0.0
249,0.0
250,0.0
251,0.0
252,0.0
253,0.0
254,0.0
255,0.0
256,0.0
257,0.0
258,0.0
259,0.0
260,0.0
261,0.0
262,0.0
263,0.0
264,0.0
265,0.0
266,0.0
267,0.0
268,0.0
269,0.0
270,0.0
271,0.0
272,0.0
273,0.0
274,0.0
275,0.0
276,0.0
277,0.0
278,0.0
279,0.0
280,0.0
281,0.0
282,0.0
283,0.0
284,0.0
285,0.0
286,0.0
287,0.0
