**** , USER DATA ,****,
, Device Info, 
-------------------------------------
Model :SM-A505F
Device: a50
Manufacturer: samsung
Board: exynos9610
Brand: samsung
SDK or OS  : 30
versionRelease: 11
VERSION_CODE: 5
VERSION_NAME: 1.0
-------------------------------------

 Unique file Id,60226, 
 Front Face,true, 
 Sampling Rate  : 8,

Id provided by Hospital or Entered manually or Randomly generated, 
20220111_125713-SM-A505F-15, 

 ************, User Manual Data : ,************ ,  

Gender,Female,
height,160,
weight,70,
Age,29,
BPsystolic(Manual),110,
BPdiastolic(Manual),80,
heartrate(Manual),70,
Medication,0,
Place ,,

 ************ , Advance Settings ,************ , 

 ************, 
 {hsvMin=60.0, hsvMax=340.0, saturationMin=0.4, saturationMax=1.0, brightnessMin=0.0, brightnessMax=1.0} ,************ ,  

 
  ************, Calculated : ,************

BMI,27,
BMR,1627,
BPsystolic,115,
BPdiastolic,72,
Heartrate,77,
Respirationrate,12,
Rythm,Pitta/Kapha(Reg),
Kathinya,205,
Kapha,16.67  %,
Vata,0.00  %,
Pitta,83.33  %,
Tala Result,0.0051136579233154724,
Variance Of Heart Rate,0.3887008344073607,
BSA,1.7318886979699173,
ET,252.57,
SV,55.23080339798465,
PP,32.37444513363696,
MPP,83.25,

 ************, KPV2 ,************
K2 , 40.54  %P2 , 32.45  %V2 , 27.00  %
PPG,


Colors Code , RED , GREEN , BLUE , H, S, V , GOOD SIGNAL HSV AVG ( per sec)  , <.1
0,85.0,10.0,4.0,19.10828,0.80927837,0.7607843,171.875,0.0
1,105.0,15.0,5.0,19.10828,0.80927837,0.7607843,176.5,0.0
2,163.0,47.0,23.0,19.490446,0.80927837,0.7607843,181.25,0.0
3,164.0,40.0,17.0,19.367088,0.8102564,0.7647059,182.875
4,169.0,44.0,20.0,19.490446,0.80927837,0.7607843,184.0
5,171.0,48.0,20.0,19.490446,0.80927837,0.7607843,184.25
6,172.0,50.0,22.0,19.10828,0.80927837,0.7607843,186.375
7,173.0,51.0,22.0,19.10828,0.80927837,0.7607843,187.25
8,173.0,52.0,22.0,19.10828,0.80927837,0.7607843,187.25
9,173.0,52.0,23.0,19.10828,0.80927837,0.7607843,187.75
10,174.0,54.0,23.0,19.490446,0.80927837,0.7607843,188.75
11,175.0,56.0,24.0,19.490446,0.80927837,0.7607843,190.5
12,176.0,57.0,24.0,19.490446,0.80927837,0.7607843,192.375
13,177.0,58.0,25.0,19.490446,0.80927837,0.7607843,192.0
14,178.0,60.0,25.0,19.490446,0.80927837,0.7607843,192.0
15,179.0,61.0,25.0,19.490446,0.80927837,0.7607843,192.5
16,180.0,62.0,26.0,19.490446,0.80927837,0.7607843,193.0
17,180.0,63.0,27.0,19.490446,0.80927837,0.7607843,193.25
18,181.0,64.0,27.0,19.490446,0.80927837,0.7607843,193.0
19,181.0,64.0,27.0,19.490446,0.80927837,0.7607843,192.125
20,181.0,65.0,27.0,19.490446,0.80927837,0.7607843,191.875
21,182.0,65.0,27.0,19.490446,0.80927837,0.7607843,192.625
22,182.0,65.0,27.0,19.490446,0.80927837,0.7607843,192.0
23,182.0,65.0,27.0,19.490446,0.80927837,0.7607843,192.0
24,181.0,65.0,27.0,19.367088,0.8102564,0.7647059,192.875
25,181.0,66.0,28.0,19.367088,0.8102564,0.7647059,192.625
26,182.0,66.0,28.0,19.367088,0.8102564,0.7647059,192.25
27,182.0,67.0,28.0,19.490446,0.80927837,0.7607843,193.5
28,183.0,68.0,28.0,19.490446,0.80927837,0.7607843,193.375
29,184.0,68.0,29.0,19.490446,0.80927837,0.7607843,193.625
30,184.0,68.0,29.0,19.490446,0.80927837,0.7607843,194.0
31,184.0,68.0,29.0,19.490446,0.80927837,0.7607843,194.375
32,183.0,69.0,29.0,19.490446,0.80927837,0.7607843,194.125
33,184.0,69.0,29.0,194.0
34,184.0,69.0,29.0,194.25
35,184.0,69.0,29.0,169.875
36,184.0,69.0,29.0
37,184.0,69.0,28.0
38,184.0,69.0,29.0
39,184.0,70.0,29.0
40,184.0,70.0,29.0
41,184.0,70.0,29.0
42,184.0,70.0,29.0
43,184.0,70.0,29.0
44,184.0,70.0,29.0
45,184.0,70.0,29.0
46,184.0,71.0,29.0
47,184.0,71.0,29.0
48,186.0,77.0,32.0
49,186.0,78.0,32.0
50,186.0,78.0,32.0
51,186.0,78.0,32.0
52,186.0,78.0,33.0
53,186.0,79.0,33.0
54,187.0,79.0,33.0
55,187.0,79.0,33.0
56,187.0,79.0,33.0
57,187.0,79.0,33.0
58,188.0,79.0,33.0
59,187.0,79.0,33.0
60,187.0,79.0,33.0
61,187.0,79.0,33.0
62,187.0,79.0,33.0
63,187.0,80.0,33.0
64,188.0,80.0,33.0
65,188.0,80.0,33.0
66,188.0,80.0,33.0
67,187.0,80.0,33.0
68,187.0,80.0,33.0
69,187.0,80.0,33.0
70,187.0,80.0,33.0
71,187.0,80.0,33.0
72,187.0,80.0,33.0
73,187.0,80.0,33.0
74,188.0,80.0,33.0
75,188.0,81.0,34.0
76,187.0,80.0,34.0
77,188.0,81.0,33.0
78,188.0,81.0,33.0
79,188.0,81.0,33.0
80,188.0,81.0,33.0
81,188.0,81.0,33.0
82,188.0,81.0,34.0
83,189.0,81.0,33.0
84,189.0,81.0,34.0
85,189.0,81.0,34.0
86,189.0,82.0,34.0
87,189.0,82.0,34.0
88,189.0,82.0,34.0
89,189.0,82.0,34.0
90,189.0,82.0,34.0
91,189.0,82.0,34.0
92,190.0,82.0,34.0
93,191.0,83.0,35.0
94,192.0,83.0,35.0
95,192.0,83.0,35.0
96,192.0,83.0,35.0
97,192.0,83.0,35.0
98,192.0,83.0,35.0
99,192.0,83.0,35.0
100,193.0,83.0,35.0
101,193.0,84.0,35.0
102,193.0,84.0,35.0
103,192.0,83.0,35.0
104,192.0,83.0,35.0
105,192.0,83.0,35.0
106,192.0,83.0,35.0
107,192.0,83.0,35.0
108,192.0,83.0,35.0
109,192.0,83.0,35.0
110,192.0,83.0,35.0
111,192.0,83.0,35.0
112,192.0,84.0,35.0
113,192.0,83.0,35.0
114,192.0,83.0,35.0
115,192.0,84.0,35.0
116,192.0,83.0,35.0
117,192.0,84.0,35.0
118,192.0,84.0,35.0
119,192.0,84.0,35.0
120,192.0,84.0,35.0
121,193.0,84.0,35.0
122,193.0,84.0,35.0
123,193.0,84.0,35.0
124,192.0,84.0,35.0
125,192.0,84.0,35.0
126,192.0,84.0,35.0
127,192.0,84.0,35.0
128,193.0,84.0,35.0
129,193.0,84.0,35.0
130,193.0,84.0,35.0
131,193.0,84.0,35.0
132,193.0,84.0,35.0
133,193.0,84.0,35.0
134,193.0,84.0,35.0
135,193.0,84.0,35.0
136,193.0,84.0,36.0
137,193.0,84.0,35.0
138,193.0,84.0,35.0
139,193.0,84.0,35.0
140,193.0,84.0,35.0
141,194.0,85.0,36.0
142,194.0,85.0,35.0
143,193.0,85.0,35.0
144,193.0,85.0,35.0
145,193.0,85.0,35.0
146,193.0,85.0,35.0
147,193.0,85.0,35.0
148,193.0,84.0,35.0
149,193.0,84.0,35.0
150,193.0,84.0,35.0
151,193.0,84.0,35.0
152,193.0,84.0,35.0
153,192.0,84.0,35.0
154,192.0,84.0,35.0
155,192.0,84.0,35.0
156,192.0,84.0,35.0
157,193.0,85.0,35.0
158,192.0,84.0,35.0
159,192.0,84.0,36.0
160,192.0,84.0,35.0
161,192.0,84.0,35.0
162,192.0,84.0,35.0
163,192.0,84.0,35.0
164,192.0,84.0,35.0
165,191.0,84.0,35.0
166,192.0,84.0,35.0
167,192.0,84.0,35.0
168,192.0,85.0,36.0
169,192.0,84.0,35.0
170,192.0,84.0,35.0
171,193.0,85.0,35.0
172,193.0,85.0,36.0
173,193.0,85.0,36.0
174,193.0,85.0,36.0
175,193.0,85.0,36.0
176,192.0,85.0,36.0
177,192.0,85.0,36.0
178,192.0,85.0,36.0
179,192.0,84.0,36.0
180,192.0,84.0,36.0
181,192.0,85.0,36.0
182,192.0,85.0,36.0
183,192.0,85.0,36.0
184,192.0,85.0,36.0
185,192.0,85.0,36.0
186,192.0,84.0,35.0
187,192.0,85.0,36.0
188,192.0,85.0,36.0
189,192.0,85.0,36.0
190,192.0,85.0,35.0
191,192.0,85.0,36.0
192,192.0,85.0,36.0
193,192.0,85.0,36.0
194,193.0,85.0,36.0
195,193.0,85.0,36.0
196,193.0,85.0,36.0
197,193.0,85.0,36.0
198,193.0,85.0,36.0
199,193.0,86.0,36.0
200,193.0,86.0,36.0
201,193.0,85.0,36.0
202,193.0,85.0,36.0
203,193.0,86.0,36.0
204,193.0,85.0,36.0
205,193.0,86.0,36.0
206,192.0,85.0,36.0
207,192.0,85.0,36.0
208,192.0,85.0,36.0
209,192.0,85.0,36.0
210,192.0,85.0,36.0
211,192.0,85.0,36.0
212,192.0,85.0,36.0
213,192.0,85.0,36.0
214,192.0,85.0,36.0
215,193.0,86.0,36.0
216,193.0,86.0,36.0
217,193.0,86.0,36.0
218,193.0,86.0,36.0
219,193.0,86.0,36.0
220,193.0,86.0,36.0
221,194.0,86.0,36.0
222,194.0,86.0,36.0
223,194.0,86.0,36.0
224,194.0,86.0,36.0
225,194.0,86.0,36.0
226,193.0,86.0,36.0
227,193.0,86.0,36.0
228,193.0,86.0,36.0
229,193.0,86.0,36.0
230,194.0,86.0,36.0
231,194.0,86.0,36.0
232,193.0,86.0,36.0
233,193.0,86.0,36.0
234,193.0,86.0,36.0
235,193.0,86.0,36.0
236,194.0,87.0,36.0
237,194.0,87.0,37.0
238,194.0,87.0,37.0
239,194.0,87.0,37.0
240,194.0,87.0,37.0
241,194.0,87.0,37.0
242,194.0,87.0,37.0
243,194.0,87.0,37.0
244,194.0,87.0,37.0
245,194.0,87.0,36.0
246,194.0,87.0,37.0
247,194.0,87.0,37.0
248,194.0,87.0,37.0
249,194.0,87.0,37.0
250,194.0,87.0,37.0
251,195.0,88.0,37.0
252,195.0,88.0,37.0
253,195.0,88.0,37.0
254,194.0,87.0,37.0
255,194.0,87.0,37.0
256,194.0,87.0,37.0
257,194.0,88.0,37.0
258,195.0,88.0,37.0
259,194.0,88.0,37.0
260,194.0,88.0,37.0
261,194.0,87.0,37.0
262,194.0,87.0,37.0
263,194.0,87.0,37.0
264,194.0,87.0,37.0
265,194.0,88.0,37.0
266,194.0,88.0,37.0
267,194.0,88.0,37.0
268,194.0,88.0,37.0
269,194.0,88.0,37.0
270,194.0,88.0,37.0
271,194.0,88.0,37.0
272,194.0,88.0,37.0
273,194.0,88.0,37.0
274,194.0,88.0,37.0
275,194.0,88.0,37.0
276,194.0,88.0,37.0
277,194.0,88.0,37.0
278,194.0,88.0,37.0
279,195.0,88.0,37.0
280,195.0,88.0,37.0
281,195.0,88.0,37.0
282,194.0,88.0,37.0
283,194.0,88.0,37.0
284,194.0,88.0,37.0
285,194.0,88.0,37.0
286,194.0,88.0,37.0
287,194.0,88.0,37.0

 ************, After Bandpass: ,************
central frequency  ,2.25 
Width frequency  , 3.16 

 ************, PPG Signal : ,************ , , Removed 
0,-0.215001950416422, ,,-85.0
1,-0.1474579422399529, ,,-105.0
2,-0.44806967365241235, ,,-163.0
3,-0.10149734425499446, ,,-164.0
4,-0.38483018278930103, ,,-169.0
5,0.008638348787030736, ,,-171.0
6,-0.2490949330725698, ,,-172.0
7,0.07951026707485198, ,,-173.0
8,-0.1362994125129262, ,,-173.0
9,0.09524757299095654, ,,108.0294471779329
10,-0.06606659273120385, ,,80.48489686313366
11,0.0761019558432281, ,,-11.334897962467238
12,-0.028539715331589832, ,,-7.9144564357820855
13,0.045825559057902865, ,,-45.56255961380282
14,-0.009696736151454388, ,,-29.491781352586827
15,1.2681449708061336, ,,-37.65309946976777
16,0.9232060844969965, ,,-22.967954871814527
17,-0.14183189287655296, ,,-19.879360515392023
18,-0.09814347096050824, ,,-11.949564349368302
19,-0.5449004042266097, ,,-5.507115400082739
20,-0.3414827113615502, ,,-4.789894125830756
21,0.17337712722826382, ,,2.0888004648451215
22,0.20061111001746212, ,,-0.8581586890536528
23,-0.30544462047657817, ,,3.5934562030502093
24,-0.17788958926519172, ,,-1.0281095882359068
25,0.291274493355445, ,,2.613147139609623
26,-0.3746567489077961, ,,0.12429437103912733
27,-0.7326520166658383, ,,2.519255899749737
28,-0.11604370344241488, ,,0.12026762462517127
29,-0.28402392643045005, ,,2.286604273671969
30,0.030696148073616314, ,,-0.2874533600355562
31,0.5894235981281781, ,,0.30557732720319564
32,0.523970443953317, ,,-1.4787161299872196
33,-0.010749280071649991, ,
34,-0.6400860949012213, ,
35,-0.6546413619049645, ,
36,-0.10282265994635509, ,
37,-0.10805819132383476, ,
38,0.11105368214180089, ,
39,0.10403641629932281, ,
40,0.12341680306803937, ,
41,0.7571734424689112, ,
42,0.525558092083088, ,
43,-0.5998081107400139, ,
44,0.11822126943047806, ,
45,0.3199265624638201, ,
46,-0.21810909905741482, ,
47,0.025049582781889512, ,
48,-0.25934628096626966, ,
49,-0.05160649921242566, ,
50,0.4468721329943719, ,
51,0.41889985834836807, ,
52,-0.15420458583184882, ,
53,-0.07185974496678682, ,
54,-0.28614605576933627, ,
55,-0.18239802989364762, ,
56,-0.20639856503419196, ,
57,-0.14029149568852972, ,
58,-0.08928893698259799, ,
59,0.5499229586727097, ,
60,1.0781418258235362, ,
61,0.9833816053561577, ,
62,0.36626534044739856, ,
63,-0.4042070272316778, ,
64,-0.46136238013821185, ,
65,-0.6708787087329711, ,
66,-0.5037265111345732, ,
67,0.15070540797296417, ,
68,0.16382086367013926, ,
69,-0.28519089928317953, ,
70,-0.7851910760430201, ,
71,-0.7718080408957348, ,
72,-0.11116820866152466, ,
73,-0.1368269661428485, ,
74,0.1563018304519801, ,
75,0.10679021129658395, ,
76,0.17215834091541637, ,
77,0.13845675981735894, ,
78,0.0973387145847937, ,
79,0.09723264095362083, ,
80,0.024050350592119685, ,
81,0.05261439306275406, ,
82,-0.01746435101563293, ,
83,0.02500486439987526, ,
84,-0.030081879538670364, ,
85,0.012413039234729695, ,
86,-0.02648899930704829, ,
87,0.007675374889231534, ,
88,0.6069129235876289, ,
89,0.4671584933963686, ,
90,-0.08097358686563894, ,
91,-0.672321030423177, ,
92,-0.7339843121169451, ,
93,-0.10078240827101581, ,
94,-0.16926666133065282, ,
95,0.7592127534741167, ,
96,0.52505382627362, ,
97,0.08140936063045956, ,
98,0.055928824940110644, ,
99,-0.17937288197310863, ,
100,-0.09312157989984371, ,
101,-0.19615562071180648, ,
102,-0.08757981604912857, ,
103,-0.12611041471780027, ,
104,-0.04247377160652377, ,
105,-0.055242104594640296, ,
106,-0.008181456479292137, ,
107,-0.011404102982965014, ,
108,0.6303870151270985, ,
109,0.4688766499813255, ,
110,-0.6895351209411729, ,
111,-0.5021157968982379, ,
112,-0.19449135961838238, ,
113,-0.11383964647041012, ,
114,0.04713098896058909, ,
115,0.04587396490899209, ,
116,0.10540010067154526, ,
117,0.0712298382023846, ,
118,0.0805516365493304, ,
119,0.04718398255590728, ,
120,-0.5851428782323183, ,
121,-0.44187286862450037, ,
122,0.08144446725066246, ,
123,0.0552902885833646, ,
124,0.8890702559598367, ,
125,0.009813003577619384, ,
126,-0.32041308323891826, ,
127,0.15283690284081786, ,
128,-0.11129481368482175, ,
129,0.16083056478964863, ,
130,-0.021381569557433977, ,
131,0.10841487537027206, ,
132,-0.6171932980943211, ,
133,0.21226992123399668, ,
134,0.5466213058585936, ,
135,-0.012538036378032302, ,
136,0.23116907695919053, ,
137,-0.10816512458870875, ,
138,0.6845904526346658, ,
139,0.3552649346393082, ,
140,-0.08042539510006463, ,
141,-0.11578321010313175, ,
142,-0.2949099003550373, ,
143,-0.8200601482857337, ,
144,-0.707164229761247, ,
145,-0.055960792583732655, ,
146,-0.08086843938326638, ,
147,0.22085364786312311, ,
148,0.12971896606188693, ,
149,0.21900034357088316, ,
150,0.134684490346217, ,
151,0.12536880263019157, ,
152,0.08103928474656641, ,
153,0.03962501749663261, ,
154,0.03513157105930986, ,
155,-0.00866708159924201, ,
156,0.011680758334478014, ,
157,-0.024866884597145145, ,
158,0.004400763174885469, ,
159,-0.02346407358356828, ,
160,0.003990629349459596, ,
161,0.6083464205161135, ,
162,0.466254663801692, ,
163,-0.08072255623710589, ,
164,-0.047326490358386764, ,
165,-0.27288381605467293, ,
166,-0.1714747247856394, ,
167,-0.22177674738600217, ,
168,-0.1330046285180515, ,
169,-0.11201595333511705, ,
170,-0.06645639384873903, ,
171,-0.027786349644657093, ,
172,-0.0219553414889333, ,
173,-0.6104135942209723, ,
174,-0.4651918828545831, ,
175,0.09684843164222912, ,
176,0.05118106447343962, ,
177,0.2901723716232709, ,
178,0.1721623000502177, ,
179,0.2342056333848177, ,
180,0.1305478249233829, ,
181,0.11928048128049795, ,
182,0.6872164322044227, ,
183,0.4930629036372238, ,
184,-0.05314032458068141, ,
185,-0.06405120959720989, ,
186,-0.2675425183176685, ,
187,-0.198990704601556, ,
188,0.40318389746698813, ,
189,0.3059216373496838, ,
190,-0.18194771512492025, ,
191,-0.13209077856708973, ,
192,-0.2933101841139205, ,
193,-0.8277482283590416, ,
194,-0.6647821311315738, ,
195,-0.06870690036498672, ,
196,-0.033195190687820286, ,
197,0.8260125597364549, ,
198,0.6298426884665105, ,
199,-0.4987149891965146, ,
200,-0.35204470114558717, ,
201,-0.09070270948836878, ,
202,-0.025495294531879154, ,
203,0.6985739113492855, ,
204,0.5457553409443108, ,
205,0.019700021559970082, ,
206,0.032004544199821794, ,
207,-0.21379776222033797, ,
208,-0.12370566151173534, ,
209,-0.20305804853421705, ,
210,-0.11240549176557124, ,
211,-0.1162399932959488, ,
212,-0.06034003863339876, ,
213,-0.03946647679151738, ,
214,-0.02084308607834373, ,
215,0.0033794072319324187, ,
216,-0.003069991053052945, ,
217,0.018154791463871334, ,
218,0.6249503391125018, ,
219,0.4794428923162286, ,
220,-0.07304407708261351, ,
221,-0.6636566377186455, ,
222,-0.7337141327569725, ,
223,-0.09565188284250326, ,
224,-0.17266257574590327, ,
225,0.7622273528809274, ,
226,-0.10348184091117218, ,
227,-0.3782324906237591, ,
228,0.1244198189170902, ,
229,-0.12632847017709992, ,
230,0.17366822041617525, ,
231,-0.020651609432547957, ,
232,0.13193146507705933, ,
233,0.009015142698444834, ,
234,0.06932151832631916, ,
235,0.01175968371444469, ,
236,0.020312574705712905, ,
237,0.010096140618657046, ,
238,-0.0070766878167205505, ,
239,0.00991893000377786, ,
240,-0.017328028432643805, ,
241,0.010576566425925193, ,
242,-0.017737508521918244, ,
243,0.010533199627616341, ,
244,-0.014055653296054516, ,
245,0.009229338718114377, ,
246,0.6148581804249034, ,
247,0.4686313812781009, ,
248,-0.0775683754666261, ,
249,-0.6715157648746981, ,
250,-0.7335314382270326, ,
251,-0.10030623568491137, ,
252,-0.17017580753486072, ,
253,0.1352380790923462, ,
254,0.062193667759970594, ,

 ************, GATI FFT  : ,************ , , Removed 
0,54530.01059966888
1,822.4469446127517
2,568.5477502587653
3,407.2055249754715
4,388.6136634383576
5,337.87277709540626
6,272.3133884656285
7,312.67518367582244
8,295.7598245396904
9,238.89576788954432
10,238.12269319414568
11,251.45801799164238
12,206.53400384191298
13,224.69721264136857
14,228.19004822724187
15,197.58843383046056
16,196.556691687288
17,180.38848000634582
18,178.90145433897945
19,194.03451026261513
20,188.76006695405272
21,190.3271060660328
22,179.8946856892785
23,187.20172645717915
24,181.42519407928845
25,185.6047314589844
26,191.3519548037949
27,171.81673379452556
28,177.70089624502768
29,172.26501171860662
30,166.51575898134203
31,148.85092971387962
32,177.01323898730695
33,174.68571524834894
34,166.72428756738205
35,159.15127457028757
36,166.55294990631026
37,158.53931435196625
38,161.65895024207128
39,156.61347033495798
40,134.54855405458866
41,148.56989977631963
42,160.81029986140402
43,147.2476494768736
44,154.34443272728203
45,147.9960724346011
46,151.69415917772795
47,147.81748165793226
48,142.92655456562298
49,138.30687309518908
50,141.74788663612708
51,147.18456728734273
52,137.51834411373426
53,140.7838656094583
54,135.4038310290728
55,124.03884347096391
56,140.596136160472
57,135.59836107416845
58,135.4532614022975
59,122.15713225062531
60,134.21277136615657
61,129.76232286515187
62,129.79205980499702
63,126.49401561294887
64,125.86166813750759
65,121.9865387173394
66,118.25417603287246
67,121.10031652249408
68,121.07926040136775
69,117.30821779260536
70,119.17341812051187
71,112.91625716672807
72,118.81077392223317
73,120.0764273577955
74,112.63497372078456
75,115.92084474632517
76,109.23896160732686
77,110.81616427032709
78,104.74768082012281
79,104.07179777457847
80,105.3592165647095
81,105.94252092051183
82,109.71672569503576
83,103.33284723687107
84,104.67966133574784
85,99.72181204205035
86,94.17585143895649
87,105.05288951230581
88,101.03206859480329
89,96.6784620388729
90,87.87923438035553
91,97.49474696727486
92,96.29608631136102
93,95.88584973999299
94,85.21527718981855
95,86.91060637779161
96,86.97125962063559
97,86.7552311979201
98,89.15476467728207
99,85.01012094647704
100,85.4216404751212
101,79.3633317446731
102,84.20785006981001
103,81.94348052822198
104,74.19107440238534
105,77.43160892875251
106,76.55631885234159
107,78.59153663722039
108,72.91169232370142
109,73.42627723419993
110,67.19255136232789
111,70.42768803454517
112,66.67010152848918
113,62.16950128094417
114,57.55289748399176
115,60.451928354146425
116,59.16062929319183
117,64.4336449113252
118,61.73034186632776
119,60.0661346302582
120,55.829194453193715
121,54.137627445836664
122,49.69430636153147
123,48.822997417656175
124,47.61725296561536
125,44.02437376569863
126,49.57128546619398
127,45.464969067759945
128,46.31580418028446
129,45.29820116880097
130,43.90273582784668
131,40.97097517234094
132,36.72609102365248
133,39.363823543127914
134,40.026553212510045
135,38.23631299959461
136,41.901609531039405
137,42.59959290908944
138,33.38477382176229
139,33.63556229207302
140,36.268947233844
141,36.3948069629755
142,36.43447603019303
143,34.92742349946175
144,0.0
145,0.0
146,0.0
147,0.0
148,0.0
149,0.0
150,0.0
151,0.0
152,0.0
153,0.0
154,0.0
155,0.0
156,0.0
157,0.0
158,0.0
159,0.0
160,0.0
161,0.0
162,0.0
163,0.0
164,0.0
165,0.0
166,0.0
167,0.0
168,0.0
169,0.0
170,0.0
171,0.0
172,0.0
173,0.0
174,0.0
175,0.0
176,0.0
177,0.0
178,0.0
179,0.0
180,0.0
181,0.0
182,0.0
183,0.0
184,0.0
185,0.0
186,0.0
187,0.0
188,0.0
189,0.0
190,0.0
191,0.0
192,0.0
193,0.0
194,0.0
195,0.0
196,0.0
197,0.0
198,0.0
199,0.0
200,0.0
201,0.0
202,0.0
203,0.0
204,0.0
205,0.0
206,0.0
207,0.0
208,0.0
209,0.0
210,0.0
211,0.0
212,0.0
213,0.0
214,0.0
215,0.0
216,0.0
217,0.0
218,0.0
219,0.0
220,0.0
221,0.0
222,0.0
223,0.0
224,0.0
225,0.0
226,0.0
227,0.0
228,0.0
229,0.0
230,0.0
231,0.0
232,0.0
233,0.0
234,0.0
235,0.0
236,0.0
237,0.0
238,0.0
239,0.0
240,0.0
241,0.0
242,0.0
243,0.0
244,0.0
245,0.0
246,0.0
247,0.0
248,0.0
249,0.0
250,0.0
251,0.0
252,0.0
253,0.0
254,0.0
255,0.0
256,0.0
257,0.0
258,0.0
259,0.0
260,0.0
261,0.0
262,0.0
263,0.0
264,0.0
265,0.0
266,0.0
267,0.0
268,0.0
269,0.0
270,0.0
271,0.0
272,0.0
273,0.0
274,0.0
275,0.0
276,0.0
277,0.0
278,0.0
279,0.0
280,0.0
281,0.0
282,0.0
283,0.0
284,0.0
285,0.0
286,0.0
287,0.0
