**** , USER DATA ,****,
, Device Info, 
-------------------------------------
Model :SM-A505F
Device: a50
Manufacturer: samsung
Board: exynos9610
Brand: samsung
SDK or OS  : 30
versionRelease: 11
VERSION_CODE: 5
VERSION_NAME: 1.0
-------------------------------------

 Unique file Id,15143, 
 Front Face,true, 
 Sampling Rate  : 8,

Id provided by Hospital or Entered manually or Randomly generated, 
20220111_134931-SM-A505F-20, 

 ************, User Manual Data : ,************ ,  

Gender,Male,
height,160,
weight,70,
Age,29,
BPsystolic(Manual),100,
BPdiastolic(Manual),70,
heartrate(Manual),70,
Medication,0,
Place ,,

 ************ , Advance Settings ,************ , 

 ************, 
 {hsvMin=60.0, hsvMax=340.0, saturationMin=0.4, saturationMax=1.0, brightnessMin=0.0, brightnessMax=1.0} ,************ ,  

 
  ************, Calculated : ,************

BMI,27,
BMR,1627,
BPsystolic,121,
BPdiastolic,82,
Heartrate,89,
Respirationrate,12,
Rythm,Pitta/Kapha(Reg),
Kathinya,237,
Kapha,50.00  %,
Vata,16.67  %,
Pitta,33.33  %,
Tala Result,0.0014406791242464858,
Variance Of Heart Rate,0.4145176445099545,
BSA,1.7318886979699173,
ET,252.57,
SV,47.790803397984654,
PP,28.824368756323675,
MPP,92.5,

 ************, KPV2 ,************
K2 , 38.14  %P2 , 36.10  %V2 , 25.76  %
PPG,


Colors Code , RED , GREEN , BLUE , H, S, V , GOOD SIGNAL HSV AVG ( per sec)  , <.1
0,83.0,41.0,35.0,26.818182,0.6875,0.7529412,121.25,0.0
1,81.0,35.0,28.0,26.61654,0.68911916,0.75686276,136.25,0.0
2,87.0,37.0,29.0,26.61654,0.68911916,0.75686276,229.875
3,103.0,51.0,42.0,27.067669,0.6927083,0.7529412,233.625
4,117.0,64.0,54.0,27.067669,0.6927083,0.7529412,230.0
5,127.0,70.0,58.0,26.61654,0.6927083,0.7529412,230.25
6,129.0,67.0,53.0,27.067669,0.6927083,0.7529412,225.375
7,126.0,60.0,45.0,26.818182,0.6875,0.7529412,224.0
8,117.0,47.0,32.0,26.818182,0.6875,0.7529412,222.0
9,97.0,24.0,14.0,26.61654,0.6927083,0.7529412,218.0
10,76.0,2.0,0.0,26.61654,0.6927083,0.7529412,218.75
11,83.0,0.0,0.0,26.818182,0.6875,0.7529412,219.0
12,98.0,1.0,0.0,26.818182,0.6875,0.7529412,217.625
13,130.0,17.0,0.0,26.818182,0.6875,0.7529412,210.625
14,162.0,39.0,1.0,26.818182,0.6875,0.7529412,203.875
15,218.0,89.0,25.0,26.61654,0.6927083,0.7529412,201.875
16,226.0,98.0,28.0,26.61654,0.6927083,0.7529412,201.875
17,225.0,98.0,26.0,27.067669,0.6927083,0.7529412,200.5
18,224.0,99.0,29.0,27.067669,0.6927083,0.7529412,196.75
19,225.0,101.0,29.0,26.818182,0.6875,0.7529412,197.5
20,227.0,104.0,30.0,26.818182,0.6875,0.7529412,197.875
21,231.0,108.0,33.0,26.818182,0.6875,0.7529412,197.625
22,234.0,113.0,37.0,26.818182,0.6875,0.7529412,197.75
23,236.0,115.0,38.0,26.818182,0.6875,0.7529412,198.0
24,237.0,117.0,39.0,26.61654,0.68911916,0.75686276,197.75
25,237.0,117.0,39.0,26.61654,0.68911916,0.75686276,196.375
26,237.0,117.0,39.0,27.067669,0.68911916,0.75686276,196.0
27,236.0,116.0,38.0,26.61654,0.68911916,0.75686276,196.0
28,234.0,115.0,37.0,26.61654,0.68911916,0.75686276,195.875
29,232.0,113.0,36.0,26.190475,0.65968585,0.7490196,195.5
30,231.0,113.0,35.0,25.92,0.65445024,0.7490196,194.75
31,231.0,114.0,35.0,25.92,0.65445024,0.7490196,193.0
32,231.0,114.0,35.0,25.92,0.65445024,0.7490196,192.5
33,230.0,113.0,35.0,192.25
34,230.0,114.0,35.0,192.0
35,230.0,113.0,35.0,192.125
36,230.0,113.0,35.0,192.0
37,230.0,114.0,35.0
38,230.0,114.0,36.0
39,230.0,114.0,36.0
40,230.0,115.0,36.0
41,230.0,115.0,36.0
42,230.0,115.0,36.0
43,230.0,115.0,36.0
44,231.0,115.0,36.0
45,231.0,115.0,36.0
46,231.0,115.0,36.0
47,230.0,116.0,35.0
48,229.0,116.0,35.0
49,228.0,116.0,35.0
50,226.0,117.0,36.0
51,226.0,117.0,36.0
52,225.0,117.0,36.0
53,225.0,117.0,36.0
54,225.0,117.0,36.0
55,224.0,116.0,35.0
56,224.0,116.0,35.0
57,224.0,117.0,36.0
58,224.0,117.0,36.0
59,224.0,117.0,36.0
60,224.0,117.0,36.0
61,224.0,116.0,36.0
62,224.0,116.0,36.0
63,224.0,117.0,36.0
64,224.0,117.0,36.0
65,224.0,117.0,36.0
66,224.0,117.0,36.0
67,223.0,116.0,36.0
68,223.0,116.0,36.0
69,223.0,116.0,36.0
70,221.0,119.0,40.0
71,219.0,120.0,42.0
72,219.0,121.0,42.0
73,218.0,120.0,42.0
74,218.0,120.0,42.0
75,218.0,121.0,42.0
76,218.0,121.0,42.0
77,218.0,121.0,42.0
78,218.0,121.0,42.0
79,218.0,120.0,42.0
80,218.0,120.0,42.0
81,218.0,120.0,42.0
82,218.0,121.0,42.0
83,219.0,121.0,42.0
84,219.0,122.0,43.0
85,219.0,121.0,43.0
86,219.0,121.0,43.0
87,219.0,121.0,43.0
88,219.0,121.0,43.0
89,219.0,122.0,43.0
90,219.0,122.0,43.0
91,219.0,122.0,43.0
92,219.0,122.0,43.0
93,219.0,122.0,43.0
94,219.0,122.0,43.0
95,219.0,122.0,43.0
96,219.0,122.0,43.0
97,219.0,122.0,43.0
98,219.0,122.0,43.0
99,219.0,122.0,43.0
100,217.0,122.0,37.0
101,217.0,122.0,37.0
102,217.0,122.0,37.0
103,217.0,122.0,36.0
104,216.0,122.0,36.0
105,214.0,122.0,33.0
106,214.0,122.0,32.0
107,212.0,122.0,30.0
108,211.0,122.0,30.0
109,210.0,123.0,30.0
110,210.0,123.0,30.0
111,208.0,121.0,28.0
112,206.0,119.0,27.0
113,206.0,119.0,26.0
114,205.0,119.0,27.0
115,206.0,119.0,26.0
116,206.0,119.0,27.0
117,202.0,116.0,25.0
118,202.0,116.0,25.0
119,202.0,116.0,24.0
120,202.0,116.0,25.0
121,202.0,116.0,24.0
122,202.0,116.0,24.0
123,202.0,116.0,25.0
124,201.0,115.0,25.0
125,202.0,116.0,25.0
126,202.0,116.0,25.0
127,202.0,116.0,25.0
128,202.0,116.0,25.0
129,202.0,116.0,25.0
130,202.0,116.0,25.0
131,201.0,116.0,24.0
132,202.0,116.0,25.0
133,202.0,116.0,25.0
134,202.0,116.0,25.0
135,202.0,116.0,25.0
136,202.0,116.0,25.0
137,202.0,116.0,24.0
138,202.0,116.0,25.0
139,202.0,116.0,25.0
140,202.0,116.0,25.0
141,202.0,116.0,25.0
142,200.0,115.0,24.0
143,197.0,114.0,30.0
144,197.0,114.0,31.0
145,197.0,114.0,31.0
146,197.0,114.0,31.0
147,197.0,114.0,31.0
148,197.0,113.0,31.0
149,196.0,113.0,31.0
150,196.0,114.0,31.0
151,197.0,114.0,31.0
152,197.0,114.0,31.0
153,197.0,114.0,31.0
154,197.0,114.0,31.0
155,197.0,114.0,31.0
156,197.0,114.0,31.0
157,198.0,115.0,31.0
158,198.0,115.0,31.0
159,198.0,115.0,31.0
160,198.0,115.0,31.0
161,198.0,115.0,32.0
162,198.0,115.0,32.0
163,198.0,115.0,32.0
164,198.0,115.0,32.0
165,198.0,115.0,32.0
166,197.0,115.0,32.0
167,198.0,115.0,32.0
168,198.0,115.0,32.0
169,198.0,115.0,32.0
170,198.0,115.0,32.0
171,197.0,115.0,31.0
172,197.0,115.0,31.0
173,197.0,115.0,32.0
174,198.0,115.0,32.0
175,198.0,115.0,32.0
176,198.0,115.0,32.0
177,197.0,115.0,32.0
178,197.0,115.0,32.0
179,198.0,115.0,32.0
180,198.0,115.0,32.0
181,198.0,116.0,32.0
182,198.0,116.0,32.0
183,198.0,116.0,32.0
184,198.0,115.0,32.0
185,198.0,115.0,32.0
186,198.0,116.0,32.0
187,198.0,116.0,32.0
188,198.0,116.0,32.0
189,198.0,115.0,32.0
190,198.0,115.0,32.0
191,198.0,116.0,32.0
192,198.0,116.0,32.0
193,198.0,116.0,32.0
194,198.0,116.0,32.0
195,197.0,115.0,32.0
196,197.0,115.0,32.0
197,198.0,115.0,32.0
198,198.0,115.0,32.0
199,198.0,116.0,32.0
200,198.0,116.0,32.0
201,197.0,115.0,32.0
202,197.0,115.0,32.0
203,197.0,116.0,32.0
204,196.0,117.0,41.0
205,196.0,117.0,42.0
206,196.0,117.0,42.0
207,196.0,117.0,41.0
208,196.0,117.0,41.0
209,196.0,117.0,41.0
210,196.0,117.0,42.0
211,196.0,117.0,42.0
212,196.0,117.0,42.0
213,196.0,116.0,42.0
214,196.0,116.0,42.0
215,196.0,117.0,42.0
216,196.0,117.0,42.0
217,196.0,117.0,42.0
218,196.0,117.0,42.0
219,196.0,116.0,42.0
220,196.0,116.0,42.0
221,196.0,117.0,42.0
222,196.0,117.0,42.0
223,196.0,117.0,42.0
224,196.0,117.0,42.0
225,196.0,117.0,42.0
226,196.0,117.0,41.0
227,196.0,117.0,42.0
228,196.0,117.0,41.0
229,196.0,117.0,42.0
230,196.0,117.0,42.0
231,195.0,117.0,41.0
232,196.0,117.0,42.0
233,196.0,117.0,42.0
234,196.0,117.0,42.0
235,196.0,117.0,42.0
236,196.0,117.0,42.0
237,195.0,117.0,41.0
238,195.0,118.0,50.0
239,195.0,118.0,50.0
240,195.0,118.0,51.0
241,195.0,118.0,51.0
242,195.0,118.0,51.0
243,194.0,118.0,51.0
244,195.0,118.0,51.0
245,195.0,118.0,51.0
246,195.0,118.0,51.0
247,195.0,118.0,51.0
248,194.0,118.0,51.0
249,193.0,119.0,58.0
250,193.0,119.0,59.0
251,193.0,119.0,59.0
252,193.0,119.0,59.0
253,193.0,119.0,59.0
254,193.0,119.0,59.0
255,193.0,119.0,59.0
256,193.0,119.0,59.0
257,193.0,119.0,59.0
258,193.0,119.0,59.0
259,193.0,119.0,59.0
260,193.0,119.0,60.0
261,192.0,119.0,59.0
262,192.0,119.0,59.0
263,192.0,119.0,59.0
264,192.0,119.0,60.0
265,193.0,119.0,60.0
266,193.0,119.0,60.0
267,192.0,119.0,59.0
268,192.0,119.0,59.0
269,192.0,118.0,59.0
270,192.0,119.0,59.0
271,192.0,119.0,60.0
272,192.0,119.0,60.0
273,192.0,118.0,59.0
274,192.0,118.0,59.0
275,192.0,119.0,60.0
276,192.0,119.0,60.0
277,192.0,119.0,60.0
278,192.0,119.0,60.0
279,192.0,118.0,59.0
280,192.0,118.0,59.0
281,192.0,119.0,59.0
282,192.0,119.0,59.0
283,192.0,119.0,60.0
284,192.0,119.0,60.0
285,192.0,119.0,60.0
286,192.0,119.0,60.0
287,192.0,119.0,60.0
288,193.0,119.0,60.0
289,193.0,119.0,60.0
290,193.0,120.0,60.0
291,193.0,119.0,60.0
292,193.0,119.0,60.0
293,191.0,120.0,65.0
294,191.0,120.0,66.0
295,191.0,120.0,66.0
296,191.0,120.0,66.0

 ************, After Bandpass: ,************
central frequency  ,2.25 
Width frequency  , 3.16 

 ************, PPG Signal : ,************ , , Removed 
0,1.2990980988545289, ,,-83.0
1,0.602776056884295, ,,-81.0
2,1.4543802798987144, ,,-87.0
3,0.7735267485420536, ,,-103.0
4,0.9069067338562036, ,,-117.0
5,0.4907388072733738, ,,-127.0
6,0.34467823363684147, ,,-129.0
7,0.2154486813897165, ,,-126.0
8,0.001286597469515982, ,,-117.0
9,0.069120745886039, ,,60.57142414022827
10,-0.13336162066525503, ,,31.663844975995076
11,0.6486705358308882, ,,-12.28726633153655
12,0.3173251487619382, ,,9.09952928246932
13,-0.047473118010657345, ,,1.4014985401675517
14,-0.7830092273547962, ,,22.038706791377138
15,-1.3235478975097976, ,,27.047880146765124
16,-1.2529812980214956, ,,13.230158647939334
17,-1.7764175902482293, ,,-23.435160451289107
18,-0.697658388853597, ,,-27.104174086993908
19,-0.07413767100456425, ,,-32.05457919595369
20,0.22616995096586834, ,,-25.085350028956327
21,1.1245522018193697, ,,-17.452557800852446
22,0.21959294285943542, ,,-12.178679768143866
23,0.5801180362122977, ,,-5.861187864911244
24,0.7223576429178138, ,,-5.760939466748596
25,0.6367042923363897, ,,-1.5174611848678978
26,0.5782893679502195, ,,-3.403700826407885
27,0.3715822502638275, ,,-0.20203630051946675
28,0.2985348680513198, ,,-3.3493671711312345
29,0.1233613080851228, ,,-0.9263396258711509
30,0.09466823414049941, ,,-2.0411956583229767
31,-0.011558798368923817, ,,1.1835403535312707
32,-0.0017838646872405661, ,,0.6048009591286245
33,-0.052177724046259755, ,
34,-0.651233943391162, ,
35,-0.5064653137808364, ,
36,0.050597751553596026, ,
37,-1.2218905468121193, ,
38,-1.9131135476641248, ,
39,-0.6132957922875448, ,
40,-0.15938905755160704, ,
41,0.3146467120066063, ,
42,1.0712790215227415, ,
43,0.9122170781815839, ,
44,1.0082620373286773, ,
45,0.6929669767082487, ,
46,0.5651910785290966, ,
47,0.3302689758713768, ,
48,0.18727285665590898, ,
49,0.08441923756140568, ,
50,0.6107876735923128, ,
51,0.44258634041443656, ,
52,-0.1479341894632853, ,
53,-0.08688181620027535, ,
54,-0.3381190611671627, ,
55,-0.19383132614484566, ,
56,-0.2632728821299679, ,
57,-0.136555654833046, ,
58,-0.13205278056148018, ,
59,-0.059981953650321884, ,
60,-0.03498860102627077, ,
61,-0.013511337533827827, ,
62,0.01257694486366745, ,
63,0.0026979975609719986, ,
64,0.025458055878061714, ,
65,0.0027502563284542703, ,
66,0.021994044360781118, ,
67,-1.2504256577849446, ,
68,-0.9089525016620428, ,
69,0.13912551570797405, ,
70,0.11095612979033831, ,
71,-0.09151774973383908, ,
72,-1.3579827111889244, ,
73,-0.4139264185803313, ,
74,-0.7833843554192299, ,
75,-0.9531853244022841, ,
76,-0.09648177542726444, ,
77,0.3393577461274617, ,
78,0.030813401586328837, ,
79,-1.1475793643107863, ,
80,0.40133615056493, ,
81,0.400498198736841, ,
82,1.460843325956148, ,
83,1.789625621144296, ,
84,-1.5123204794158482, ,
85,-0.8249998531509846, ,
86,0.6676734849950208, ,
87,0.5900484786645848, ,
88,1.0887983169272957, ,
89,0.7386583916375002, ,
90,0.770424971949069, ,
91,-0.16379939761782225, ,
92,0.5096054453256329, ,
93,0.7173036488388789, ,
94,0.04281804680613277, ,
95,0.24841460284324057, ,
96,-0.15506744128902028, ,
97,0.028506494242265035, ,
98,-0.7934241817426937, ,
99,0.12536272311240282, ,
100,0.42494768246501735, ,
101,-0.05886127689473142, ,
102,0.1738974767001764, ,
103,-0.11983009495497754, ,
104,0.04535698581230463, ,
105,-0.10195174757677705, ,
106,-0.004130268106337098, ,
107,-0.057326649746528346, ,
108,-0.01667163549586803, ,
109,-1.2664073458472558, ,
110,-2.813549597173278, ,
111,-1.2345688842572144, ,
112,0.3035871784313713, ,
113,0.7092212897724721, ,
114,1.1425689711791165, ,
115,0.9819861382563886, ,
116,0.2952022109719792, ,
117,0.18013545299572797, ,
118,1.1574268984403489, ,
119,0.7798189349592803, ,
120,0.31930013333101215, ,
121,0.1664497590610381, ,
122,-0.08612120923146449, ,
123,-0.07746873819723987, ,
124,0.4406945097435937, ,
125,0.35244001778039546, ,
126,-0.21435141988706619, ,
127,-0.11814224018178265, ,
128,-0.34248364837617373, ,
129,-0.19676975123240936, ,
130,-0.24378932350828109, ,
131,-0.13284153041581703, ,
132,-0.11056318669488974, ,
133,-0.6831029345911475, ,
134,0.14328802429804455, ,
135,0.5177877171790897, ,
136,0.0012206092288806758, ,
137,0.21630756547926921, ,
138,-0.6892536255026016, ,
139,-0.4161573054832388, ,
140,0.009215264959834712, ,
141,0.6499998326274863, ,
142,0.6996351557592106, ,
143,0.059018468004978786, ,
144,-0.45496907884808024, ,
145,-0.6357432311391449, ,
146,0.6530966380375958, ,
147,0.32884603558818526, ,
148,0.11593620084533995, ,
149,0.010235008279778413, ,
150,-0.1060790896481194, ,
151,-0.08079279238995696, ,
152,-0.13816457100131174, ,
153,-0.06470904357809104, ,
154,-0.09742753586476738, ,
155,-0.024921498132016495, ,
156,-0.04975588280603915, ,
157,0.002864137106371345, ,
158,-0.018118864010489233, ,
159,0.013153866089396615, ,
160,-0.0030304185115710425, ,
161,0.012193097013437182, ,
162,-0.6225389252961122, ,
163,-0.45445153717855646, ,
164,0.6987357440051483, ,
165,0.5156631646730148, ,
166,0.19908003423734044, ,
167,0.122375879773017, ,
168,-0.6712681869263406, ,
169,-0.5033151581537822, ,
170,-0.03539821803258292, ,
171,-0.6424393067007941, ,
172,-0.27534431059984854, ,
173,0.19958333171643972, ,
174,0.23141886382745724, ,
175,0.3837643696746227, ,
176,0.2762796498992657, ,
177,0.2836514352446784, ,
178,0.16710522349626444, ,
179,0.13547877619635074, ,
180,0.0612698972755652, ,
181,0.033058159158599665, ,
182,0.003637265361248865, ,
183,-0.013320407359174169, ,
184,-0.013830299401206503, ,
185,-0.023488267974812516, ,
186,-0.011426314407117388, ,
187,-0.0183236591884679, ,
188,-0.0041986358756958, ,
189,-0.010404835334156814, ,
190,0.0010441183038665258, ,
191,-0.0046236823652634484, ,
192,0.0030477739705929707, ,
193,-0.0015704670217928651, ,
194,0.002862611560090045, ,
195,-3.351582042796508E-4, ,
196,0.0018255885004236916, ,
197,4.2949777139256184E-5, ,
198,-0.6236532244543014, ,
199,0.16296363513390588, ,
200,0.5335213426759537, ,
201,-0.0200104127997065, ,
202,0.21708401322371174, ,
203,-0.09424269952933173, ,
204,-0.5786146755622212, ,
205,-0.5475631921112836, ,
206,0.0492531034823287, ,
207,0.006269580890375437, ,
208,0.23055132476724793, ,
209,0.16755151529730483, ,
210,-0.4385541221628273, ,
211,0.31335281121130265, ,
212,0.6185696357243842, ,
213,0.07045870805336563, ,
214,0.22561748848943353, ,
215,-0.6751500773946191, ,
216,-1.0678124453746705, ,
217,-0.45663649782841276, ,
218,0.06672698317277082, ,
219,0.28500983102264854, ,
220,0.37831827358991177, ,
221,0.39508322547533226, ,
222,0.30417694911523085, ,
223,0.26811998010794014, ,
224,0.14417975384560577, ,
225,0.12277091565761111, ,
226,0.02743975115640751, ,
227,0.03224511251289641, ,
228,-0.6491492801505956, ,
229,-0.4664707139941129, ,
230,0.03851438970821164, ,
231,0.04007823829965673, ,
232,0.8698397404310754, ,
233,0.6287128144822418, ,
234,-0.48692793082545904, ,
235,-0.3813288090752849, ,
236,-0.08778986310926484, ,
237,-0.05630197090351885, ,
238,0.07798551298503753, ,
239,0.061764775336655475, ,
240,0.09754674515522765, ,
241,0.07045628139246674, ,
242,0.06153258262361305, ,
243,0.04431633163233073, ,
244,0.02258840019078434, ,
245,0.019598636967202765, ,
246,-0.0010724405771043166, ,
247,0.005931758450287816, ,
248,-0.009855583250782729, ,
249,0.0011186342966311713, ,
250,-0.009952403819852407, ,
251,5.62865774668353E-4, ,
252,-0.006876089414731723, ,
253,0.0010555298714507444, ,
254,-0.0037010443140843563, ,
255,0.6257047520501828, ,
256,0.46011810473009973, ,
257,-0.07080335970908891, ,
258,-0.0519133491119419, ,
259,-0.2684147582589276, ,
260,-1.4231544082931578, ,
261,-1.1438128850068097, ,
262,0.009493106436138987, ,
263,-0.00922659977368312, ,

 ************, GATI FFT  : ,************ , , Removed 
0,59651.000001360575
1,2237.3918457147106
2,2130.468833829206
3,1504.337334177567
4,1585.6026988965
5,1562.6909210509625
6,1375.302060871483
7,1237.3990239022755
8,1289.5183399501425
9,1060.5413861295356
10,961.3302738130926
11,881.844142189108
12,756.7641924176799
13,657.2484697216921
14,486.0473787336543
15,357.431957204811
16,227.05323769921225
17,184.00269592485085
18,102.70244899622466
19,64.35053947183137
20,128.56085605875182
21,163.64290202569808
22,235.23623550750787
23,280.2250557731876
24,330.71650476714626
25,378.8689656277614
26,397.88546787356864
27,431.9978591127845
28,436.0516195881634
29,474.03673828708423
30,469.2045703232412
31,464.8288750039462
32,433.0325577782736
33,415.32280189309796
34,380.5931510919828
35,348.4396237822931
36,305.93618403946664
37,270.8933922601107
38,236.4159851171302
39,183.05236251085512
40,144.2201072523064
41,94.68374536243536
42,81.36721591450141
43,56.00572883362521
44,56.69096956809474
45,72.92111088176948
46,83.55016470562933
47,99.62800091583952
48,138.77229584893303
49,133.72728056033043
50,167.0394435503874
51,145.31091355667786
52,150.04973444533107
53,139.98212809702744
54,148.6965020002109
55,119.2753563629571
56,122.72936000940233
57,92.03251918253656
58,96.05572835704925
59,89.79693926216518
60,77.9787557191567
61,80.74352772803172
62,81.02523189468123
63,85.18743329720077
64,92.93818287400154
65,88.54387672859943
66,104.72689535872159
67,103.03452870208251
68,105.42335969137547
69,110.76280703260086
70,102.1092273033965
71,112.75362694248388
72,101.18752917714585
73,90.58538598662159
74,84.09980888194475
75,74.16306863279407
76,61.78931103499575
77,57.85654664909988
78,37.41151922669082
79,40.31115772947718
80,40.5144954397239
81,45.932382637111274
82,47.61366936761617
83,58.05167761423978
84,70.128786688519
85,72.44489706116364
86,82.18523966422953
87,81.46490023350371
88,91.58707819028658
89,96.80483424762166
90,88.99656304290512
91,90.41200807630163
92,86.30543781894039
93,78.67499072342258
94,78.06308104834216
95,56.030891665316865
96,61.50389594290622
97,54.25290023763939
98,50.8749189027518
99,50.08991914547278
100,37.921559008280084
101,40.097376693562026
102,51.42239260869936
103,42.75822807803723
104,57.201561389198005
105,57.31258254679918
106,63.18643690946976
107,66.31424515402082
108,65.3859144154704
109,71.70917431934517
110,62.495081806164144
111,60.09774301312365
112,56.03847963897386
113,53.336681032007625
114,53.14062827943989
115,47.92118554858125
116,40.62643597975055
117,44.67102863572948
118,41.20832531884861
119,44.344618075682575
120,48.494084800251
121,43.52872636726135
122,59.51580151756146
123,53.66474701146785
124,63.53488306608929
125,75.29258182003188
126,64.26052095907777
127,78.4209344634096
128,65.34538833170619
129,68.51662173988623
130,69.98923949512756
131,68.54731636275056
132,60.38416693297892
133,53.44373366963101
134,53.03053074700835
135,39.888575259118916
136,37.76200201323867
137,35.53816605702529
138,31.104153957704455
139,37.840298497891595
140,34.11772347389806
141,46.47351441973121
142,51.84006827461211
143,60.65795557240025
144,66.71296515867677
145,72.48182315855738
146,72.07279175863285
147,78.9474787805871
148,81.38556659159562
149,0.0
150,0.0
151,0.0
152,0.0
153,0.0
154,0.0
155,0.0
156,0.0
157,0.0
158,0.0
159,0.0
160,0.0
161,0.0
162,0.0
163,0.0
164,0.0
165,0.0
166,0.0
167,0.0
168,0.0
169,0.0
170,0.0
171,0.0
172,0.0
173,0.0
174,0.0
175,0.0
176,0.0
177,0.0
178,0.0
179,0.0
180,0.0
181,0.0
182,0.0
183,0.0
184,0.0
185,0.0
186,0.0
187,0.0
188,0.0
189,0.0
190,0.0
191,0.0
192,0.0
193,0.0
194,0.0
195,0.0
196,0.0
197,0.0
198,0.0
199,0.0
200,0.0
201,0.0
202,0.0
203,0.0
204,0.0
205,0.0
206,0.0
207,0.0
208,0.0
209,0.0
210,0.0
211,0.0
212,0.0
213,0.0
214,0.0
215,0.0
216,0.0
217,0.0
218,0.0
219,0.0
220,0.0
221,0.0
222,0.0
223,0.0
224,0.0
225,0.0
226,0.0
227,0.0
228,0.0
229,0.0
230,0.0
231,0.0
232,0.0
233,0.0
234,0.0
235,0.0
236,0.0
237,0.0
238,0.0
239,0.0
240,0.0
241,0.0
242,0.0
243,0.0
244,0.0
245,0.0
246,0.0
247,0.0
248,0.0
249,0.0
250,0.0
251,0.0
252,0.0
253,0.0
254,0.0
255,0.0
256,0.0
257,0.0
258,0.0
259,0.0
260,0.0
261,0.0
262,0.0
263,0.0
264,0.0
265,0.0
266,0.0
267,0.0
268,0.0
269,0.0
270,0.0
271,0.0
272,0.0
273,0.0
274,0.0
275,0.0
276,0.0
277,0.0
278,0.0
279,0.0
280,0.0
281,0.0
282,0.0
283,0.0
284,0.0
285,0.0
286,0.0
287,0.0
288,0.0
289,0.0
290,0.0
291,0.0
292,0.0
293,0.0
294,0.0
295,0.0
296,0.0
