**** , USER DATA ,****,
, Device Info, 
-------------------------------------
Model :SM-A505F
Device: a50
Manufacturer: samsung
Board: exynos9610
Brand: samsung
SDK or OS  : 30
versionRelease: 11
VERSION_CODE: 5
VERSION_NAME: 1.0
-------------------------------------

 Unique file Id,34149, 
 Front Face,true, 
 Sampling Rate  : 9,

Id provided by Hospital or Entered manually or Randomly generated, 
20220111_134931-SM-A505F-25, 

 ************, User Manual Data : ,************ ,  

Gender,Female,
height,160,
weight,70,
Age,29,
BPsystolic(Manual),109,
BPdiastolic(Manual),80,
heartrate(Manual),70,
Medication,0,
Place ,,

 ************ , Advance Settings ,************ , 

 ************, 
 {hsvMin=60.0, hsvMax=340.0, saturationMin=0.4, saturationMax=1.0, brightnessMin=0.0, brightnessMax=1.0} ,************ ,  

 
  ************, Calculated : ,************

BMI,27,
BMR,1627,
BPsystolic,111,
BPdiastolic,73,
Heartrate,90,
Respirationrate,9,
Rythm,Pitta/Kapha(Reg),
Kathinya,240,
Kapha,50.00  %,
Vata,16.67  %,
Pitta,33.33  %,
Tala Result,0.001966579451346417,
Variance Of Heart Rate,0.5882227139066146,
BSA,1.7318886979699173,
ET,252.57,
SV,47.170803397984656,
PP,28.51922817290487,
MPP,83.25,

 ************, KPV2 ,************
K2 , 38.39  %P2 , 31.24  %V2 , 30.37  %
PPG,


Colors Code , RED , GREEN , BLUE , H, S, V , GOOD SIGNAL HSV AVG ( per sec)  , <.1
0,85.0,60.0,60.0,25.058825,0.7906977,0.84313726,120.11111111111111,0.0
1,92.0,65.0,64.0,24.705883,0.7906977,0.84313726,99.22222222222223,0.0
2,102.0,72.0,70.0,24.642859,0.7887324,0.8352941,156.55555555555554
3,110.0,80.0,77.0,24.285715,0.78504676,0.8392157,207.77777777777777
4,116.0,84.0,81.0,24.642859,0.7813954,0.84313726,215.22222222222223
5,118.0,85.0,81.0,24.642859,0.7777778,0.84705883,215.66666666666666
6,119.0,82.0,77.0,25.0,0.7777778,0.84705883,216.0
7,116.0,74.0,69.0,24.642859,0.7777778,0.84705883,215.88888888888889
8,113.0,68.0,61.0,24.642859,0.7813954,0.84313726,214.22222222222223
9,110.0,62.0,56.0,24.642859,0.7887324,0.8352941,214.11111111111111
10,105.0,55.0,49.0,25.0,0.7887324,0.8352941,213.11111111111111
11,96.0,41.0,34.0,25.0,0.78504676,0.8392157,215.11111111111111
12,90.0,30.0,22.0,25.2071,0.7860465,0.84313726,211.88888888888889
13,90.0,26.0,17.0,25.2071,0.78971964,0.8392157,211.88888888888889
14,95.0,28.0,17.0,25.0,0.7887324,0.8352941,211.33333333333334
15,98.0,28.0,16.0,24.85207,0.78971964,0.8392157,212.33333333333334
16,102.0,28.0,15.0,25.0,0.78504676,0.8392157,211.55555555555554
17,107.0,30.0,16.0,25.2071,0.7860465,0.84313726,211.55555555555554
18,110.0,31.0,17.0,25.2071,0.7860465,0.84313726,212.22222222222223
19,107.0,23.0,9.0,24.642859,0.78504676,0.8392157,211.66666666666666
20,105.0,16.0,4.0,24.642859,0.78504676,0.8392157,212.0
21,105.0,9.0,0.0,25.0,0.78504676,0.8392157,211.77777777777777
22,123.0,17.0,2.0,25.0,0.7813954,0.84313726,211.55555555555554
23,140.0,41.0,17.0,24.790419,0.7767442,0.84313726,211.0
24,171.0,78.0,51.0,24.790419,0.7803738,0.8392157,213.77777777777777
25,217.0,122.0,90.0,24.790419,0.78403753,0.8352941,213.44444444444446
26,224.0,136.0,103.0,24.790419,0.7803738,0.8392157,213.77777777777777
27,217.0,132.0,97.0,24.790419,0.7803738,0.8392157,214.0
28,207.0,123.0,85.0,25.0,0.7813954,0.84313726,214.33333333333334
29,200.0,119.0,76.0,25.0,0.78504676,0.8392157,214.11111111111111
30,193.0,108.0,58.0,24.85207,0.7934272,0.8352941,215.0
31,196.0,101.0,38.0,24.85207,0.78971964,0.8392157,213.88888888888889
32,206.0,105.0,35.0,25.0,0.78504676,0.8392157,214.22222222222223
33,214.0,112.0,41.0,142.66666666666666
34,219.0,117.0,46.0
35,218.0,115.0,45.0
36,217.0,114.0,44.0
37,216.0,113.0,43.0
38,216.0,113.0,43.0
39,215.0,113.0,42.0
40,216.0,114.0,43.0
41,215.0,113.0,42.0
42,214.0,112.0,41.0
43,214.0,112.0,41.0
44,215.0,114.0,43.0
45,216.0,115.0,43.0
46,216.0,115.0,43.0
47,215.0,113.0,42.0
48,215.0,112.0,42.0
49,215.0,113.0,43.0
50,216.0,114.0,43.0
51,217.0,115.0,43.0
52,217.0,115.0,44.0
53,215.0,113.0,42.0
54,215.0,112.0,42.0
55,216.0,113.0,42.0
56,216.0,114.0,43.0
57,217.0,115.0,43.0
58,218.0,116.0,43.0
59,216.0,114.0,42.0
60,215.0,112.0,40.0
61,214.0,111.0,40.0
62,215.0,113.0,41.0
63,217.0,115.0,43.0
64,217.0,116.0,43.0
65,216.0,115.0,41.0
66,215.0,113.0,41.0
67,215.0,112.0,40.0
68,215.0,113.0,40.0
69,216.0,115.0,40.0
70,217.0,116.0,41.0
71,217.0,115.0,40.0
72,215.0,113.0,40.0
73,213.0,111.0,38.0
74,214.0,112.0,39.0
75,215.0,114.0,40.0
76,216.0,115.0,41.0
77,215.0,113.0,39.0
78,213.0,111.0,38.0
79,213.0,111.0,39.0
80,214.0,112.0,40.0
81,215.0,113.0,40.0
82,215.0,114.0,41.0
83,215.0,114.0,40.0
84,213.0,112.0,39.0
85,213.0,112.0,39.0
86,214.0,112.0,40.0
87,214.0,113.0,41.0
88,215.0,114.0,41.0
89,215.0,113.0,41.0
90,213.0,110.0,39.0
91,212.0,110.0,39.0
92,213.0,111.0,39.0
93,213.0,112.0,40.0
94,214.0,112.0,40.0
95,214.0,112.0,40.0
96,212.0,110.0,39.0
97,213.0,110.0,39.0
98,213.0,111.0,40.0
99,214.0,113.0,41.0
100,215.0,115.0,43.0
101,216.0,117.0,46.0
102,215.0,116.0,46.0
103,216.0,116.0,47.0
104,215.0,116.0,46.0
105,215.0,117.0,46.0
106,216.0,117.0,46.0
107,216.0,117.0,45.0
108,212.0,114.0,42.0
109,211.0,112.0,41.0
110,212.0,113.0,40.0
111,212.0,114.0,41.0
112,213.0,115.0,42.0
113,213.0,115.0,42.0
114,211.0,113.0,41.0
115,211.0,113.0,41.0
116,212.0,113.0,41.0
117,212.0,114.0,42.0
118,213.0,114.0,42.0
119,213.0,115.0,42.0
120,211.0,113.0,41.0
121,211.0,112.0,40.0
122,211.0,113.0,41.0
123,212.0,113.0,41.0
124,212.0,114.0,42.0
125,213.0,115.0,43.0
126,211.0,113.0,42.0
127,210.0,112.0,41.0
128,211.0,112.0,42.0
129,211.0,113.0,42.0
130,212.0,114.0,43.0
131,213.0,115.0,43.0
132,211.0,113.0,42.0
133,211.0,113.0,42.0
134,211.0,113.0,43.0
135,212.0,114.0,43.0
136,213.0,115.0,44.0
137,213.0,115.0,45.0
138,212.0,114.0,44.0
139,211.0,113.0,44.0
140,212.0,114.0,44.0
141,212.0,115.0,44.0
142,213.0,116.0,44.0
143,213.0,116.0,44.0
144,212.0,114.0,43.0
145,211.0,113.0,42.0
146,211.0,114.0,42.0
147,212.0,114.0,43.0
148,213.0,115.0,44.0
149,212.0,115.0,44.0
150,211.0,113.0,44.0
151,211.0,113.0,44.0
152,211.0,114.0,45.0
153,212.0,114.0,45.0
154,212.0,115.0,46.0
155,212.0,114.0,45.0
156,211.0,113.0,44.0
157,211.0,113.0,44.0
158,211.0,114.0,45.0
159,212.0,115.0,44.0
160,213.0,115.0,44.0
161,211.0,114.0,42.0
162,211.0,113.0,42.0
163,212.0,114.0,42.0
164,212.0,114.0,43.0
165,213.0,116.0,43.0
166,213.0,116.0,44.0
167,212.0,114.0,42.0
168,211.0,113.0,42.0
169,212.0,114.0,42.0
170,212.0,115.0,43.0
171,213.0,115.0,43.0
172,213.0,115.0,43.0
173,211.0,113.0,42.0
174,210.0,112.0,41.0
175,211.0,112.0,41.0
176,212.0,113.0,40.0
177,213.0,114.0,41.0
178,213.0,114.0,41.0
179,211.0,113.0,40.0
180,211.0,112.0,41.0
181,212.0,113.0,41.0
182,213.0,114.0,42.0
183,213.0,115.0,42.0
184,213.0,115.0,42.0
185,211.0,113.0,41.0
186,211.0,112.0,40.0
187,211.0,113.0,41.0
188,212.0,113.0,41.0
189,212.0,114.0,41.0
190,213.0,114.0,41.0
191,211.0,112.0,40.0
192,211.0,112.0,39.0
193,212.0,113.0,40.0
194,212.0,114.0,40.0
195,213.0,114.0,41.0
196,212.0,114.0,41.0
197,211.0,111.0,40.0
198,211.0,112.0,40.0
199,211.0,112.0,40.0
200,212.0,113.0,41.0
201,212.0,114.0,41.0
202,211.0,113.0,41.0
203,210.0,111.0,40.0
204,211.0,111.0,40.0
205,212.0,112.0,40.0
206,212.0,114.0,41.0
207,213.0,114.0,41.0
208,211.0,112.0,40.0
209,211.0,112.0,40.0
210,211.0,112.0,41.0
211,212.0,113.0,41.0
212,212.0,114.0,41.0
213,212.0,113.0,41.0
214,210.0,111.0,40.0
215,210.0,110.0,40.0
216,210.0,111.0,40.0
217,213.0,114.0,42.0
218,215.0,115.0,43.0
219,214.0,114.0,41.0
220,213.0,112.0,40.0
221,213.0,113.0,40.0
222,214.0,113.0,41.0
223,214.0,115.0,42.0
224,215.0,115.0,42.0
225,213.0,113.0,41.0
226,213.0,112.0,40.0
227,213.0,113.0,41.0
228,214.0,113.0,42.0
229,214.0,114.0,43.0
230,214.0,115.0,43.0
231,213.0,113.0,41.0
232,213.0,112.0,40.0
233,213.0,113.0,40.0
234,214.0,113.0,41.0
235,214.0,114.0,41.0
236,215.0,115.0,42.0
237,213.0,113.0,41.0
238,213.0,112.0,41.0
239,213.0,113.0,41.0
240,214.0,113.0,42.0
241,214.0,114.0,42.0
242,215.0,115.0,42.0
243,213.0,113.0,41.0
244,213.0,112.0,41.0
245,213.0,113.0,40.0
246,214.0,114.0,41.0
247,215.0,115.0,41.0
248,216.0,116.0,42.0
249,214.0,114.0,41.0
250,213.0,113.0,41.0
251,214.0,114.0,42.0
252,214.0,114.0,42.0
253,215.0,115.0,43.0
254,215.0,116.0,43.0
255,214.0,114.0,42.0
256,213.0,113.0,42.0
257,214.0,114.0,43.0
258,214.0,115.0,43.0
259,215.0,115.0,44.0
260,215.0,116.0,44.0
261,214.0,114.0,43.0
262,213.0,113.0,43.0
263,214.0,114.0,44.0
264,215.0,115.0,44.0
265,215.0,116.0,44.0
266,215.0,116.0,44.0
267,214.0,114.0,43.0
268,213.0,113.0,43.0
269,214.0,114.0,43.0
270,214.0,115.0,44.0
271,215.0,116.0,45.0
272,215.0,115.0,45.0
273,213.0,114.0,45.0
274,214.0,114.0,46.0
275,215.0,116.0,47.0
276,216.0,117.0,48.0
277,216.0,118.0,48.0
278,216.0,117.0,48.0
279,215.0,116.0,47.0
280,213.0,114.0,45.0
281,213.0,115.0,45.0
282,214.0,116.0,46.0
283,215.0,117.0,46.0
284,214.0,116.0,45.0
285,213.0,115.0,45.0
286,214.0,115.0,45.0
287,214.0,116.0,46.0
288,215.0,117.0,46.0
289,215.0,117.0,46.0
290,214.0,115.0,46.0
291,214.0,115.0,46.0
292,214.0,116.0,46.0
293,215.0,117.0,47.0
294,215.0,117.0,48.0
295,214.0,116.0,47.0
296,213.0,115.0,46.0
297,214.0,116.0,47.0
298,214.0,116.0,47.0
299,215.0,117.0,47.0
300,214.0,116.0,46.0
301,213.0,114.0,44.0
302,214.0,115.0,45.0
303,214.0,116.0,46.0

 ************, After Bandpass: ,************
central frequency  ,2.25 
Width frequency  , 3.16 

 ************, PPG Signal : ,************ , , Removed 
0,-2.392104029563143, ,,-85.0
1,-2.5643708431334744, ,,-92.0
2,-2.594804443731846, ,,-102.0
3,-1.549994754072486, ,,-110.0
4,-1.0243892630660412, ,,-116.0
5,-1.59925516776093, ,,-118.0
6,-0.8838504671732608, ,,-119.0
7,0.5943887466821707, ,,-116.0
8,1.3696780948466767, ,,-113.0
9,1.2554637028151774, ,,-110.0
10,0.01586684667768168, ,,53.312119388945504
11,-0.308463837665613, ,,62.069947469810614
12,0.013915680732225155, ,,-6.2045576257501835
13,0.44671279943850095, ,,-9.91299610663043
14,1.1458669810333504, ,,-14.11001523488369
15,0.6990934330874552, ,,-20.49394450695479
16,-1.0359058767919578, ,,-12.3680527009966
17,-1.4384249588335933, ,,-14.346205627116092
18,0.05803934528830723, ,,-7.446476011212212
19,0.33105625377856995, ,,-10.839292332812192
20,0.4697923478984194, ,,-10.793006420803863
21,1.2611862152264166, ,,-7.435717559111936
22,-0.38441683768087387, ,,4.377761509935453
23,-1.8177392001528005, ,,17.837966514438108
24,-1.426380669793616, ,,26.18405043997393
25,-0.500460928462644, ,,42.84831589419787
26,1.5458364875753432, ,,30.561543183294248
27,1.5923839691990906, ,,-5.9325157574866125
28,-0.08352278846723493, ,,-23.52314863102106
29,-0.8077158831333691, ,,-31.9130380458746
30,-0.7541215591620585, ,,-31.89854738547706
31,-0.20081929487923844, ,,-22.234519786482224
32,0.46724577010400026, ,,-7.520224564132377
33,1.2377798108959723, ,,3.029711463997728
34,0.8684829089900177, ,,4.911612945900515
35,-0.8678594259502006, ,,2.7660226650382356
36,-2.2967779214420716, ,,-1.3737399508345334
37,-1.0807160934284639, ,
38,0.8848238480256896, ,
39,1.2835771024674614, ,
40,0.631786615837882, ,
41,-1.1768764146347621, ,
42,-1.1414619839895295, ,
43,0.5013298374385613, ,
44,1.19235333540405, ,
45,1.0374505048862375, ,
46,0.4133029127997361, ,
47,-0.8442372515964962, ,
48,-1.2931728999199095, ,
49,0.27697976490162546, ,
50,0.5630990900438064, ,
51,0.6301356349467824, ,
52,0.9151825715002815, ,
53,-0.9305098336003539, ,
54,-1.7713721935083413, ,
55,-0.3228092309054773, ,
56,0.43500359114614184, ,
57,0.7083568269706575, ,
58,0.9968178562426147, ,
59,-0.6825519681681271, ,
60,-0.601965981220701, ,
61,0.634738888188167, ,
62,0.48617252214717155, ,
63,1.3085580438009856, ,
64,1.3312502643909738, ,
65,0.08513308018495991, ,
66,-0.20315357060235328, ,
67,-0.40292691107538303, ,
68,-1.1269437383316472, ,
69,-0.08522364771579305, ,
70,0.23795110429136912, ,
71,-2.384289570463352, ,
72,-3.1544744203531536, ,
73,-0.4976092911992964, ,
74,0.636117725192662, ,
75,1.0868654882779083, ,
76,1.626395101270191, ,
77,-0.20718202350644788, ,
78,-0.5988464517445209, ,
79,0.8549625753357759, ,
80,0.8585867586393761, ,
81,0.925223405950419, ,
82,0.9915381854561929, ,
83,-0.8654174063444771, ,
84,-1.2846370720099003, ,
85,-0.23746567624993986, ,
86,0.28288188585474927, ,
87,0.69494572305166, ,
88,0.7443902163204257, ,
89,-0.2648820001363674, ,
90,-1.6563343453456127, ,
91,-0.3229516318228889, ,
92,0.5387414006547715, ,
93,0.5466267651574981, ,
94,1.5088314105710197, ,
95,-0.17004087447185157, ,
96,-1.1345160857240444, ,
97,-0.11386884560738508, ,
98,0.25318122469434456, ,
99,1.0889626715775194, ,
100,0.7746797430472725, ,
101,-0.5079766371609367, ,
102,-1.1953511017968594, ,
103,-0.49593776902247555, ,
104,0.3285865742477654, ,
105,0.41442149052363675, ,
106,0.6941238221147614, ,
107,-0.4146837444452558, ,
108,-1.2238811440952304, ,
109,-0.7536251361614177, ,
110,0.2614193003098535, ,
111,1.1991630414815972, ,
112,0.35173641500955455, ,
113,-0.8650783529874388, ,
114,-0.5870463519327132, ,
115,-0.11139642113766968, ,
116,0.495347120110182, ,
117,0.8116254786834816, ,
118,0.22528106947379456, ,
119,-0.352310135947846, ,
120,-0.5999482663776234, ,
121,-0.13357990196891478, ,
122,0.49367814475726846, ,
123,1.1623706599243633, ,
124,-0.191531852801063, ,
125,-1.2078721546140514, ,
126,0.38869131676847246, ,
127,0.4208940670450829, ,
128,0.4939689770549194, ,
129,0.7484874480433064, ,
130,-0.5893376609626557, ,
131,-1.2562214654897161, ,
132,-0.4065256266671895, ,
133,0.3167539199739622, ,
134,0.5020941879540715, ,
135,0.7203287183378961, ,
136,-0.8754488978206609, ,
137,-1.8279327985799227, ,
138,-0.25318266334761574, ,
139,0.9697575729119308, ,
140,1.3882158117614836, ,
141,1.0649395488680966, ,
142,-0.714665783514647, ,
143,-1.2427789806840792, ,
144,0.2614134816622027, ,
145,0.9196805576928, ,
146,0.6701527954946869, ,
147,0.158765739297678, ,
148,-1.1007538191038293, ,
149,-1.4543225983168213, ,
150,-0.3482339501770184, ,
151,0.36886445406707935, ,
152,0.7066650910255703, ,
153,0.8617587809394536, ,
154,-0.20008909671150832, ,
155,-1.0701843218689646, ,
156,0.37085748260642504, ,
157,0.6005921970956933, ,
158,0.5223910526351574, ,
159,0.34294834890738457, ,
160,-1.1801379535315846, ,
161,-0.7372125495012369, ,
162,-0.19444408321191986, ,
163,0.37968631558760535, ,
164,0.8143998312989424, ,
165,-0.32212765807594224, ,
166,-0.9672299615697284, ,
167,-0.10913515039260346, ,
168,1.0821352081086388, ,
169,0.8267310255505436, ,
170,0.7648889485476502, ,
171,-0.23136607159926825, ,
172,-1.35009299243211, ,
173,-0.2587856444713452, ,
174,0.26523915921347907, ,
175,0.5034853419076626, ,
176,0.19467875745635865, ,
177,-1.044253127422735, ,
178,-1.2271494397182323, ,
179,-0.2056239079461193, ,
180,1.5748377031866312, ,
181,3.118985397336928, ,
182,1.267922899893847, ,
183,-0.9525440627708122, ,
184,-0.883462833470503, ,
185,-0.30738874238113567, ,
186,-0.01956167099410777, ,
187,0.06739499885952682, ,
188,-0.7576239868612902, ,
189,-1.577820221506272, ,
190,-0.4413104587665657, ,
191,0.2655707627607171, ,
192,0.5233200744162332, ,
193,0.2700123751915271, ,
194,-0.45299560903754355, ,
195,-0.5171225017982124, ,
196,-0.10962098853633506, ,
197,0.5524906225743962, ,
198,0.7111548823299927, ,
199,0.7306499085943869, ,
200,-0.3027291290300127, ,
201,-1.2428700818463767, ,
202,-0.25130207839970353, ,
203,0.3583374147390259, ,
204,0.547391341577395, ,
205,0.7521026999600053, ,
206,-0.370811925668022, ,
207,-1.1839820614113705, ,
208,-0.2425776790666987, ,
209,0.4007710178925663, ,
210,1.0883912196452457, ,
211,1.4097548685479069, ,
212,-0.3204416149892495, ,
213,-1.7373928580384472, ,
214,-0.5198194531426452, ,
215,0.24953367759599132, ,
216,0.3481791844701547, ,
217,0.7692547648039181, ,
218,-0.4347677512196242, ,
219,-1.149183887579511, ,
220,-0.22692785419076245, ,
221,0.4282287521612034, ,
222,0.6151416222446642, ,
223,0.7936995468128316, ,
224,-0.32019193127962353, ,
225,-1.1627489867119039, ,
226,-0.22037801938176926, ,
227,0.9161404252761258, ,
228,0.7110359079297268, ,
229,0.16447483492106585, ,
230,-0.42908872895100103, ,
231,-1.2829459484942163, ,
232,-0.3306338686654726, ,
233,0.4697553447613245, ,
234,0.5532672673889465, ,
235,0.8498187323257298, ,
236,-0.8326549728894861, ,
237,-0.7506786696105792, ,
238,1.0436150031782745, ,
239,1.033369933037875, ,
240,0.777986952982701, ,
241,0.10163320875381032, ,
242,-0.7475096221105559, ,
243,-1.9514743455495136, ,
244,-1.763166434437153, ,
245,0.15824096514757002, ,
246,1.0603589965971878, ,
247,0.48298697504333177, ,
248,-0.6528503714662293, ,
249,0.10437882022210943, ,
250,0.7579093103202013, ,
251,0.6685391116636765, ,
252,0.899420201428029, ,
253,-0.3591944708846313, ,
254,-0.6797629770921958, ,
255,-0.14738523098003498, ,
256,0.24671210105702812, ,
257,0.5879593124652729, ,
258,-0.4942615779057178, ,
259,-1.1841732779864742, ,
260,-0.24401601499585013, ,
261,0.45048283748315043, ,
262,0.6259309897366165, ,
263,0.3153474622633894, ,
264,-0.9358092468021368, ,
265,-0.15179248108415777, ,
266,0.6120427614080199, ,

 ************, GATI FFT  : ,************ , , Removed 
0,62217.03189641885
1,2395.1697025467925
2,2637.540383362328
3,2485.295400724649
4,2204.8066651240406
5,2013.6898970038553
6,1713.1752696920441
7,1394.7068933682092
8,1188.367462147036
9,886.2091713467621
10,581.5863100421903
11,391.9417713381209
12,169.8292312986495
13,42.722876233582525
14,187.965717760923
15,267.54986297598015
16,401.7201418115915
17,441.11086826520255
18,428.57689276963333
19,463.18724534954305
20,459.9718294709323
21,375.4199779338887
22,327.5738313438221
23,275.54043090642256
24,140.29689884398664
25,78.88970624387055
26,120.09615668100413
27,222.72452589367973
28,322.48376033093206
29,386.72715279511846
30,434.9853403242584
31,447.9388044175795
32,425.5273556586665
33,398.4010945032247
34,334.78749786481677
35,247.413731141187
36,155.44262593307275
37,60.1295892226095
38,39.27234618285612
39,122.26661509540894
40,198.35180858400395
41,243.52268326790136
42,253.43314150170866
43,248.0280097396668
44,247.55902700079722
45,206.62326792333783
46,191.70489713709011
47,136.3390880822495
48,106.19641933530575
49,60.50091852155781
50,147.56555769766908
51,202.5392462748319
52,109.97593771757222
53,127.09407531085122
54,157.8235552048352
55,152.77085807607367
56,150.0131950192453
57,147.90753072415598
58,141.15026595029067
59,125.8444505186164
60,108.26596784527808
61,102.50585389634665
62,98.24204382320188
63,92.84082749550383
64,99.67235692620399
65,113.10731010710992
66,116.23195512362088
67,121.35665920776574
68,117.15400282910815
69,104.82433674016426
70,107.92699436634057
71,95.91480267364756
72,78.65356695096581
73,74.19305748639833
74,70.672635433258
75,94.29248871824868
76,105.8158778255891
77,115.72096491648142
78,128.30991243059628
79,137.32155322480594
80,125.86457024118369
81,115.71399909066929
82,99.33537599121618
83,77.68894870693555
84,65.87631313325893
85,60.50458640073777
86,64.58283145463103
87,78.84665868327029
88,80.87879947675475
89,94.8188058857496
90,104.976043103371
91,101.36602225557984
92,101.04572650634951
93,101.54905282210072
94,86.60098347131101
95,69.31698419431191
96,63.69317146934227
97,51.173824549935446
98,65.28678626708833
99,70.17196573435685
100,76.70367470846573
101,97.82301216925218
102,95.37165964321437
103,77.11430678224804
104,105.0190080156328
105,93.58026403620865
106,72.50740399066504
107,69.93965811180594
108,72.45364519672516
109,59.703614226128025
110,60.012099106542294
111,65.31409558462454
112,65.40770577804984
113,71.59343277374157
114,78.33059954637082
115,84.91253000063895
116,80.13282905137793
117,83.40417884809838
118,84.72670907443775
119,72.39642867870204
120,66.15414542956172
121,60.282169197251
122,53.136346889814554
123,56.325914055041785
124,63.35552768886226
125,66.2991505635498
126,66.19126319836579
127,81.18533699010901
128,75.14474934612815
129,79.14844259033455
130,82.18301201128355
131,68.46556774186108
132,70.13793932337848
133,59.296659288618976
134,61.00336244123126
135,53.894886266996004
136,54.79990543371963
137,54.70641978337165
138,68.51104647099565
139,70.12406984632406
140,79.34261691461973
141,70.42155900942443
142,71.70333175803663
143,72.10921164525037
144,60.46095906362871
145,71.562286811246
146,68.36468700417089
147,52.7730469330356
148,57.70517061906603
149,70.18769879047727
150,67.79317152131955
151,59.8350877410258
152,0.0
153,0.0
154,0.0
155,0.0
156,0.0
157,0.0
158,0.0
159,0.0
160,0.0
161,0.0
162,0.0
163,0.0
164,0.0
165,0.0
166,0.0
167,0.0
168,0.0
169,0.0
170,0.0
171,0.0
172,0.0
173,0.0
174,0.0
175,0.0
176,0.0
177,0.0
178,0.0
179,0.0
180,0.0
181,0.0
182,0.0
183,0.0
184,0.0
185,0.0
186,0.0
187,0.0
188,0.0
189,0.0
190,0.0
191,0.0
192,0.0
193,0.0
194,0.0
195,0.0
196,0.0
197,0.0
198,0.0
199,0.0
200,0.0
201,0.0
202,0.0
203,0.0
204,0.0
205,0.0
206,0.0
207,0.0
208,0.0
209,0.0
210,0.0
211,0.0
212,0.0
213,0.0
214,0.0
215,0.0
216,0.0
217,0.0
218,0.0
219,0.0
220,0.0
221,0.0
222,0.0
223,0.0
224,0.0
225,0.0
226,0.0
227,0.0
228,0.0
229,0.0
230,0.0
231,0.0
232,0.0
233,0.0
234,0.0
235,0.0
236,0.0
237,0.0
238,0.0
239,0.0
240,0.0
241,0.0
242,0.0
243,0.0
244,0.0
245,0.0
246,0.0
247,0.0
248,0.0
249,0.0
250,0.0
251,0.0
252,0.0
253,0.0
254,0.0
255,0.0
256,0.0
257,0.0
258,0.0
259,0.0
260,0.0
261,0.0
262,0.0
263,0.0
264,0.0
265,0.0
266,0.0
267,0.0
268,0.0
269,0.0
270,0.0
271,0.0
272,0.0
273,0.0
274,0.0
275,0.0
276,0.0
277,0.0
278,0.0
279,0.0
280,0.0
281,0.0
282,0.0
283,0.0
284,0.0
285,0.0
286,0.0
287,0.0
288,0.0
289,0.0
290,0.0
291,0.0
292,0.0
293,0.0
294,0.0
295,0.0
296,0.0
297,0.0
298,0.0
299,0.0
300,0.0
301,0.0
302,0.0
303,0.0
