**** , USER DATA ,****,
, Device Info, 
-------------------------------------
Model :SM-A505F
Device: a50
Manufacturer: samsung
Board: exynos9610
Brand: samsung
SDK or OS  : 30
versionRelease: 11
VERSION_CODE: 5
VERSION_NAME: 1.0
-------------------------------------

 Unique file Id,96482, 
 Front Face,true, 
 Sampling Rate  : 8,

Id provided by Hospital or Entered manually or Randomly generated, 
20220111_112313-SM-A505F-02, 

 ************, User Manual Data : ,************ ,  

Gender,Female,
height,10,
weight,10,
Age,29,
BPsystolic(Manual),110,
BPdiastolic(Manual),90,
heartrate(Manual),10,
Medication,0,
Place ,,

 ************ , Advance Settings ,************ , 

 ************, 
 {hsvMin=60.0, hsvMax=340.0, saturationMin=0.4, saturationMax=1.0, brightnessMin=0.0, brightnessMax=1.0} ,************ ,  

 
  ************, Calculated : ,************

BMI,999,
BMR,55,
BPsystolic,40,
BPdiastolic,97,
Heartrate,114,
Respirationrate,12,
Rythm,Pitta/Kapha(Reg),
Kathinya,19,
Kapha,33.33  %,
Vata,50.00  %,
Pitta,16.67  %,
Tala Result,9.421900859283809E-4,
Variance Of Heart Rate,0.3108996616449389,
BSA,0.10147669720569867,
ET,252.57,
SV,-33.57784143288977,
PP,-43.159179219652664,
MPP,83.25,

 ************, KPV2 ,************
K2 , 39.27  %P2 , 31.89  %V2 , 28.84  %
PPG,


Colors Code , RED , GREEN , BLUE , H, S, V , GOOD SIGNAL HSV AVG ( per sec)  , <.1
0,67.0,54.0,58.0,10.434783,0.89944136,0.7019608,82.875,0.0
1,82.0,66.0,70.0,10.125,0.9039548,0.69411767,133.375
2,90.0,70.0,72.0,10.434783,0.9044944,0.69803923,161.875
3,89.0,66.0,66.0,10.740741,0.9,0.7058824,178.875
4,85.0,60.0,58.0,10.807453,0.89944136,0.7019608,184.75
5,65.0,33.0,29.0,10.434783,0.90960455,0.69411767,193.0
6,49.0,9.0,4.0,10.434783,0.9044944,0.69803923,194.0
7,63.0,18.0,11.0,10.740741,0.9050279,0.7019608,193.625
8,73.0,21.0,13.0,10.740741,0.9050279,0.7019608,186.625
9,94.0,33.0,21.0,10.434783,0.9044944,0.69803923,181.0
10,94.0,19.0,6.0,10.434783,0.9044944,0.69803923,173.875
11,124.0,29.0,13.0,10.434783,0.89944136,0.7019608,171.75
12,141.0,23.0,9.0,10.5,0.9039548,0.69411767,175.875
13,146.0,24.0,8.0,9.811321,0.9085714,0.6862745,178.25
14,155.0,27.0,8.0,10.125,0.90909094,0.6901961,183.0
15,156.0,28.0,9.0,10.125,0.9039548,0.69411767,182.0
16,157.0,30.0,10.0,10.125,0.90909094,0.6901961,182.5
17,157.0,30.0,10.0,10.125,0.9142857,0.6862745,182.625
18,156.0,30.0,10.0,10.125,0.90909094,0.6901961,183.0
19,156.0,29.0,10.0,10.434783,0.9044944,0.69803923,186.25
20,158.0,30.0,10.0,10.125,0.90909094,0.6901961,183.625
21,164.0,33.0,11.0,9.75,0.90909094,0.6901961,185.125
22,166.0,34.0,12.0,10.125,0.9039548,0.69411767,185.5
23,167.0,35.0,12.0,10.740741,0.9050279,0.7019608,181.375
24,171.0,37.0,13.0,10.125,0.9039548,0.69411767,177.25
25,174.0,39.0,13.0,10.434783,0.90960455,0.69411767,174.5
26,175.0,40.0,13.0,10.434783,0.9044944,0.69803923,177.0
27,175.0,40.0,13.0,10.807453,0.89944136,0.7019608,181.125
28,179.0,43.0,14.0,10.125,0.90909094,0.6901961,183.0
29,182.0,44.0,15.0,9.811321,0.9085714,0.6862745,178.375
30,183.0,45.0,16.0,10.125,0.90909094,0.6901961,178.875
31,180.0,43.0,15.0,10.434783,0.9044944,0.69803923,180.75
32,183.0,45.0,16.0,11.042945,0.9005525,0.70980394,178.125
33,185.0,48.0,17.0,11.636363,0.8967391,0.72156864,178.125
34,185.0,49.0,17.0,176.125
35,181.0,47.0,16.0,177.375
36,184.0,50.0,17.0,111.75
37,186.0,52.0,18.0
38,187.0,53.0,18.0
39,183.0,50.0,17.0
40,187.0,52.0,18.0
41,190.0,55.0,19.0
42,191.0,57.0,20.0
43,190.0,66.0,25.0
44,193.0,69.0,26.0
45,192.0,60.0,21.0
46,195.0,72.0,27.0
47,196.0,73.0,27.0
48,197.0,75.0,28.0
49,198.0,76.0,29.0
50,197.0,75.0,28.0
51,190.0,70.0,27.0
52,191.0,71.0,28.0
53,194.0,73.0,28.0
54,195.0,74.0,29.0
55,192.0,72.0,28.0
56,195.0,75.0,29.0
57,197.0,77.0,30.0
58,196.0,76.0,30.0
59,191.0,72.0,29.0
60,193.0,74.0,29.0
61,195.0,75.0,30.0
62,193.0,74.0,29.0
63,191.0,72.0,29.0
64,193.0,73.0,29.0
65,194.0,74.0,29.0
66,189.0,70.0,28.0
67,187.0,66.0,26.0
68,187.0,66.0,26.0
69,186.0,56.0,21.0
70,183.0,53.0,20.0
71,183.0,51.0,19.0
72,184.0,51.0,19.0
73,185.0,51.0,19.0
74,181.0,47.0,18.0
75,181.0,47.0,18.0
76,182.0,47.0,18.0
77,182.0,47.0,18.0
78,179.0,44.0,16.0
79,179.0,44.0,16.0
80,179.0,44.0,17.0
81,178.0,43.0,16.0
82,175.0,41.0,15.0
83,175.0,41.0,15.0
84,175.0,41.0,15.0
85,174.0,40.0,15.0
86,171.0,37.0,14.0
87,171.0,37.0,14.0
88,172.0,38.0,14.0
89,171.0,37.0,14.0
90,170.0,37.0,14.0
91,171.0,37.0,14.0
92,173.0,39.0,15.0
93,171.0,38.0,14.0
94,171.0,37.0,14.0
95,172.0,38.0,15.0
96,175.0,40.0,15.0
97,173.0,39.0,15.0
98,174.0,40.0,15.0
99,176.0,42.0,16.0
100,178.0,43.0,16.0
101,175.0,41.0,15.0
102,175.0,41.0,15.0
103,177.0,43.0,16.0
104,179.0,44.0,17.0
105,176.0,42.0,16.0
106,177.0,44.0,16.0
107,180.0,45.0,17.0
108,180.0,46.0,17.0
109,176.0,43.0,16.0
110,177.0,44.0,16.0
111,180.0,46.0,17.0
112,180.0,46.0,17.0
113,177.0,44.0,16.0
114,179.0,45.0,17.0
115,181.0,47.0,17.0
116,183.0,49.0,18.0
117,185.0,51.0,18.0
118,188.0,53.0,19.0
119,189.0,55.0,19.0
120,182.0,50.0,18.0
121,180.0,58.0,22.0
122,180.0,48.0,17.0
123,184.0,50.0,18.0
124,182.0,50.0,18.0
125,181.0,48.0,18.0
126,183.0,50.0,18.0
127,185.0,52.0,19.0
128,181.0,49.0,18.0
129,180.0,48.0,18.0
130,182.0,49.0,18.0
131,185.0,52.0,19.0
132,182.0,50.0,18.0
133,181.0,50.0,18.0
134,183.0,51.0,19.0
135,186.0,53.0,20.0
136,181.0,50.0,18.0
137,180.0,48.0,18.0
138,182.0,50.0,18.0
139,185.0,52.0,19.0
140,181.0,50.0,18.0
141,182.0,50.0,19.0
142,185.0,52.0,19.0
143,186.0,53.0,20.0
144,180.0,49.0,18.0
145,180.0,48.0,18.0
146,181.0,49.0,18.0
147,184.0,51.0,19.0
148,180.0,49.0,18.0
149,181.0,49.0,18.0
150,183.0,50.0,19.0
151,186.0,53.0,20.0
152,189.0,55.0,20.0
153,190.0,57.0,21.0
154,194.0,70.0,26.0
155,191.0,68.0,26.0
156,182.0,61.0,24.0
157,183.0,61.0,24.0
158,184.0,52.0,19.0
159,185.0,53.0,20.0
160,181.0,50.0,19.0
161,183.0,51.0,19.0
162,186.0,53.0,20.0
163,186.0,54.0,20.0
164,180.0,49.0,18.0
165,181.0,50.0,19.0
166,185.0,52.0,19.0
167,186.0,54.0,20.0
168,182.0,51.0,19.0
169,184.0,52.0,20.0
170,187.0,55.0,20.0
171,187.0,55.0,21.0
172,182.0,51.0,19.0
173,184.0,52.0,20.0
174,187.0,55.0,20.0
175,187.0,55.0,21.0
176,183.0,52.0,20.0
177,185.0,54.0,20.0
178,188.0,56.0,21.0
179,188.0,56.0,21.0
180,184.0,62.0,24.0
181,185.0,64.0,25.0
182,186.0,55.0,20.0
183,186.0,55.0,20.0
184,182.0,51.0,19.0
185,183.0,52.0,20.0
186,185.0,53.0,20.0
187,184.0,53.0,20.0
188,180.0,49.0,18.0
189,180.0,48.0,18.0
190,181.0,48.0,18.0
191,180.0,48.0,18.0
192,178.0,46.0,17.0
193,179.0,46.0,18.0
194,180.0,47.0,18.0
195,179.0,46.0,18.0
196,176.0,43.0,16.0
197,176.0,42.0,16.0
198,177.0,43.0,16.0
199,176.0,43.0,16.0
200,175.0,41.0,16.0
201,175.0,42.0,16.0
202,177.0,44.0,17.0
203,176.0,42.0,16.0
204,173.0,40.0,15.0
205,173.0,40.0,15.0
206,175.0,41.0,16.0
207,174.0,41.0,16.0
208,173.0,40.0,15.0
209,175.0,41.0,16.0
210,177.0,43.0,17.0
211,175.0,42.0,16.0
212,177.0,43.0,17.0
213,178.0,45.0,17.0
214,180.0,46.0,18.0
215,177.0,44.0,17.0
216,177.0,43.0,17.0
217,178.0,45.0,17.0
218,178.0,45.0,17.0
219,177.0,44.0,17.0
220,178.0,45.0,17.0
221,180.0,47.0,18.0
222,183.0,50.0,19.0
223,186.0,52.0,19.0
224,189.0,55.0,20.0
225,189.0,56.0,21.0
226,183.0,61.0,24.0
227,184.0,62.0,24.0
228,184.0,53.0,20.0
229,185.0,54.0,20.0
230,180.0,49.0,18.0
231,179.0,47.0,18.0
232,180.0,47.0,18.0
233,180.0,48.0,18.0
234,177.0,44.0,17.0
235,177.0,44.0,16.0
236,179.0,46.0,17.0
237,179.0,46.0,18.0
238,177.0,44.0,17.0
239,178.0,45.0,17.0
240,180.0,47.0,18.0
241,179.0,46.0,17.0
242,178.0,45.0,17.0
243,179.0,46.0,17.0
244,180.0,48.0,18.0
245,178.0,46.0,17.0
246,178.0,45.0,17.0
247,179.0,46.0,18.0
248,180.0,48.0,18.0
249,177.0,45.0,17.0
250,176.0,43.0,16.0
251,177.0,44.0,17.0
252,179.0,46.0,17.0
253,182.0,49.0,18.0
254,184.0,51.0,19.0
255,187.0,54.0,20.0
256,184.0,52.0,20.0
257,177.0,45.0,17.0
258,177.0,44.0,16.0
259,178.0,45.0,17.0
260,179.0,46.0,18.0
261,177.0,44.0,17.0
262,178.0,45.0,17.0
263,180.0,47.0,18.0
264,179.0,47.0,18.0
265,177.0,44.0,16.0
266,178.0,45.0,17.0
267,179.0,46.0,17.0
268,179.0,46.0,17.0
269,178.0,45.0,17.0
270,178.0,45.0,17.0
271,179.0,46.0,18.0
272,177.0,45.0,17.0
273,175.0,42.0,16.0
274,176.0,43.0,16.0
275,177.0,44.0,17.0
276,176.0,43.0,16.0
277,175.0,42.0,15.0
278,176.0,43.0,16.0
279,178.0,45.0,17.0
280,176.0,43.0,16.0
281,176.0,42.0,16.0
282,177.0,44.0,17.0
283,179.0,46.0,17.0
284,177.0,44.0,17.0
285,177.0,44.0,16.0
286,178.0,45.0,17.0
287,179.0,47.0,18.0
288,176.0,43.0,16.0
289,175.0,42.0,16.0
290,176.0,43.0,16.0
291,178.0,45.0,17.0
292,181.0,48.0,18.0
293,184.0,51.0,19.0

 ************, After Bandpass: ,************
central frequency  ,2.25 
Width frequency  , 3.16 

 ************, PPG Signal : ,************ , , Removed 
0,0.6477099830699444, ,,-67.0
1,-1.3319725980366002, ,,-82.0
2,-3.515992625990066, ,,-90.0
3,-1.4377988296939748, ,,-89.0
4,1.8287224229201229, ,,-85.0
5,0.679209486183936, ,,-65.0
6,-1.942167486145081, ,,-49.0
7,0.09919464440156389, ,,-63.0
8,3.4640448982191856, ,,-73.0
9,1.256954525392871, ,,58.698081125582036
10,-0.18868455462666134, ,,43.3923827977398
11,0.42973109556658073, ,,11.984465566143086
12,-0.3219263284597673, ,,19.61279580038081
13,0.033136294055566395, ,,-16.46372708264971
14,1.0068161886493954, ,,-11.2421323402815
15,-0.425859294987049, ,,-25.26633950701546
16,0.07753638607039193, ,,-22.266429237703846
17,-1.6499577585263978, ,,-21.55639929838628
18,-6.167256778779347, ,,-18.096540149540715
19,-3.7414868630319233, ,,-11.793479475767299
20,1.6418405063868704, ,,-7.707304877344768
21,1.8771880880693743, ,,1.8000959057674208
22,-0.3678016560671722, ,,1.0552078443589608
23,1.2490840637769907, ,,2.5061674163825955
24,3.17012422659559, ,,1.8202203502083876
25,0.36870075102183364, ,,4.1083261253374985
26,-3.2897756220268093, ,,0.07609055722286939
27,-1.4490689897089624, ,,-0.16436319678859945
28,1.8569446582915816, ,,-0.2223552216707958
29,-0.6165083556930995, ,,2.0104208647404676
30,-1.6643310669369384, ,,-0.8088466267006424
31,0.510600524072288, ,,-3.197500238364796
32,1.6542996306233135, ,,-2.265713988020366
33,-2.2859582859666716, ,
34,-3.1612607662884784, ,
35,-0.44248777543703, ,
36,-0.4061751084018397, ,
37,-1.0027410803069188, ,
38,-0.21567061823634504, ,
39,2.2358421592815603, ,
40,2.376479181415789, ,
41,-0.33087907789183646, ,
42,-0.8112131040795703, ,
43,1.6842455683460003, ,
44,0.8393645934830829, ,
45,-0.8441240276280269, ,
46,-0.8997360777617587, ,
47,0.6084621756451725, ,
48,-0.2877731334025384, ,
49,-1.5148207166874954, ,
50,-0.7532600596815655, ,
51,0.7949581751128107, ,
52,0.2062377545671552, ,
53,-1.1642378722583544, ,
54,-0.35323952755868504, ,
55,1.6639984871642355, ,
56,0.8717069200495189, ,
57,0.12099088959928395, ,
58,1.1983875288178751, ,
59,2.3613846742965734, ,
60,0.342248589169003, ,
61,-0.6056484452724362, ,
62,0.8915173295863497, ,
63,1.959038429473253, ,
64,0.25986487729323926, ,
65,-0.7583819489969983, ,
66,1.5518418208180265, ,
67,1.1493745820990853, ,
68,-1.2963919424717005, ,
69,-2.3539075729867136, ,
70,0.5806263794539746, ,
71,1.1109123871394786, ,
72,-1.2380845238858456, ,
73,-1.2434294318609318, ,
74,1.983233191795648, ,
75,0.7136255804105076, ,
76,-2.667439688717195, ,
77,-1.6107694497771945, ,
78,1.8213832968019688, ,
79,1.0118792543631798, ,
80,-1.7634760801763605, ,
81,-0.14559244085023693, ,
82,1.8801691843543722, ,
83,1.9152661065528491, ,
84,2.210899602175118, ,
85,2.3401239555487336, ,
86,1.2030206661967213, ,
87,-5.217207999801076, ,
88,-6.122712092796064, ,
89,-2.344729853377885, ,
90,1.1819278679499803, ,
91,1.1699725118468223, ,
92,-1.1945605726167514, ,
93,1.9819761740534432, ,
94,2.20566566663706, ,
95,-0.8830694736600435, ,
96,-2.360727888999236, ,
97,0.9535691659044687, ,
98,2.4995696214688223, ,
99,-0.11333569550777156, ,
100,-1.8768903112745647, ,
101,0.8412736325450396, ,
102,2.379450722805018, ,
103,-1.7123647621326654, ,
104,-3.0397300746192286, ,
105,0.703480560437356, ,
106,2.313564455269784, ,
107,-0.6925400732079652, ,
108,-1.0561449582598925, ,
109,2.5827981828741713, ,
110,1.5820721535098983, ,
111,-3.0708143733769475, ,
112,-3.0870812958394254, ,
113,0.3643852261873235, ,
114,1.91859756441022, ,
115,-0.42232797380029297, ,
116,-0.9398559079889992, ,
117,2.317507852409335, ,
118,2.5816437876303553, ,
119,3.7797161572029836, ,
120,1.753964276747979, ,
121,2.3097705227676215, ,
122,-1.2632157893060594, ,
123,-9.13194159395789, ,
124,-5.084338705622713, ,
125,-0.801738965692607, ,
126,0.645518431471487, ,
127,-1.005612108741957, ,
128,0.3973040711405247, ,
129,4.183570115301222, ,
130,2.1132699820444714, ,
131,-2.477468782981873, ,
132,-1.8498621826820454, ,
133,3.218876410962821, ,
134,2.3515249751451393, ,
135,-1.3278064813246147, ,
136,-0.4675369503828506, ,
137,2.62710214507797, ,
138,0.8834427144828396, ,
139,-3.1608861093675387, ,
140,-1.5474330099160625, ,
141,2.2828072033688613, ,
142,0.847980778775991, ,
143,-2.2715239888600536, ,
144,-0.79743422443687, ,
145,2.554218523021518, ,
146,1.0557100490945004, ,
147,-2.316760905484216, ,
148,-1.4580729721296848, ,
149,0.7159209304987826, ,
150,0.11236523500917883, ,
151,-2.2207097439589916, ,
152,-1.1563857300793643, ,
153,2.0064050000067937, ,
154,0.48262290148898046, ,
155,-2.185918111558408, ,
156,-1.3931586989365314, ,
157,1.0046280128126455, ,
158,0.34544185385959736, ,
159,-0.7672648451956547, ,
160,0.5896758705007414, ,
161,1.775715093828694, ,
162,0.5908869798577143, ,
163,-1.6301945728089322, ,
164,-0.8835957497026357, ,
165,0.9472608364970938, ,
166,0.29271506207589937, ,
167,-0.3643947432423147, ,
168,0.22117296897772576, ,
169,1.6994610158808428, ,
170,0.8954026119002947, ,
171,-1.9844288519600468, ,
172,-0.9487175015142384, ,
173,1.264639422691971, ,
174,0.6117444921837887, ,
175,-0.5958399939513583, ,
176,1.3043183641143514, ,
177,2.3199281997142407, ,
178,-0.11941681672760751, ,
179,0.38745643886090875, ,
180,1.3382518817226128, ,
181,1.0141110644024138, ,
182,-1.2375616358809793, ,
183,-2.3628822645805485, ,
184,0.09409818299729977, ,
185,-0.58643979664771, ,
186,-0.719487685275567, ,
187,-0.1263361894789341, ,
188,1.6649417441203695, ,
189,2.7185521751107444, ,
190,3.23187861170004, ,
191,2.912553092996859, ,
192,0.4386810544784794, ,
193,-5.250409221488326, ,
194,-4.167320964484702, ,
195,-1.3125864755929797, ,
196,-1.0517231008738008, ,
197,-2.5648762451031644, ,
198,-3.307498516692135, ,
199,1.0193987799473234, ,
200,0.7238648263803498, ,
201,-0.24925096629613108, ,
202,-0.2528192693893061, ,
203,2.582158900615582, ,
204,1.8677225425908546, ,
205,-0.1261806549071025, ,
206,0.5064927342164083, ,
207,2.002717826125945, ,
208,0.5228380290432142, ,
209,-1.0042973411043477, ,
210,0.18220578297052725, ,
211,0.6235846170911827, ,
212,-0.8883547838141794, ,
213,-1.1805572798484718, ,
214,0.5837600016644728, ,
215,0.7461870874461738, ,
216,-1.194568816726246, ,
217,-2.1114042415416634, ,
218,0.34882746200662496, ,
219,1.6013250903696417, ,
220,3.3615170542464057, ,
221,2.964485270440605, ,
222,2.8572119979160107, ,
223,-1.0005631128676669, ,
224,-7.086501521901141, ,
225,-4.514616373121726, ,
226,-0.8116958086146724, ,
227,0.7192378655613538, ,
228,0.08085737539386173, ,
229,0.5917956621415215, ,
230,2.8166601320790505, ,
231,0.8752879877567921, ,
232,-0.9175044957780756, ,
233,-0.044968667253897365, ,
234,1.1110060316955241, ,
235,0.48159104344404113, ,
236,-0.4428876167260114, ,
237,-0.495904827109257, ,
238,0.5053362007549822, ,
239,-0.896749984933308, ,
240,-2.213633939961028, ,
241,-0.14746910961196136, ,
242,1.1183018536534064, ,
243,0.3277861997477203, ,
244,-0.5163046818212251, ,
245,0.6475448012103016, ,
246,1.9845718301503439, ,
247,0.004070702012654692, ,
248,-0.7215892140422966, ,
249,0.7408641241254372, ,
250,1.3672206908157705, ,
251,-0.24946331884871142, ,
252,-1.2312460308497748, ,
253,0.5076709081163244, ,
254,0.4753384889636436, ,
255,-1.463094522185429, ,
256,-2.3201597626873536, ,
257,0.11938167526500365, ,
258,1.5188912176799931, ,
259,3.222947937098752, ,
260,3.597946543521857, ,

 ************, GATI FFT  : ,************ , , Removed 
0,51817.08345709936
1,1516.5229086332706
2,1347.5608647701624
3,2007.3504420509257
4,1497.4992447533994
5,1034.2462410839216
6,1054.692183240622
7,944.3701091261826
8,786.1375704830823
9,913.9017807238167
10,786.6840279876404
11,748.3269218261479
12,556.9619035132952
13,613.7413474832189
14,590.5076246354058
15,517.7487688969027
16,424.8688626904651
17,531.113747087548
18,438.7280690304842
19,394.02938276531427
20,208.22916632367122
21,236.87774799846147
22,242.13813013960933
23,204.47778199413423
24,117.33078026728244
25,137.70010324441435
26,57.5666661652914
27,24.574527427186606
28,73.93146202797104
29,13.07263938250327
30,86.38434112286058
31,77.29696591869585
32,139.97218143245627
33,95.8540003250547
34,212.2934758616849
35,111.99576668400327
36,127.10036436526596
37,87.7119358291895
38,107.10291801093784
39,195.42479590764958
40,156.1830721632698
41,164.71430971091021
42,112.39101703906177
43,138.51012010393526
44,115.98781687219963
45,128.72120843462477
46,142.16803484697024
47,185.43186219543938
48,139.3730356091801
49,154.79341071247185
50,93.52663950670679
51,155.50665653913802
52,142.07834259166347
53,150.34445982888698
54,136.50013888587935
55,150.5572556959135
56,144.67940302272527
57,145.13686050837902
58,111.93911675958871
59,165.82196568101497
60,142.02048936306107
61,145.38103340496755
62,120.97480000451567
63,130.36839503979562
64,142.99539160280182
65,132.12677018907604
66,106.5049068577381
67,124.61623477104833
68,115.32292244796102
69,124.41446071785275
70,105.84730028128841
71,67.41994486384304
72,91.43429038664898
73,86.05020660438687
74,38.70216943544825
75,190.69149185765892
76,105.91391592316134
77,55.771414853975244
78,76.74868902320421
79,75.66836903605602
80,54.49720681488329
81,54.84080295746601
82,53.64535358030613
83,61.321807557335084
84,85.48314519884114
85,82.87014781571172
86,92.54701406575941
87,73.50027882518475
88,83.32861626879019
89,95.95505607803274
90,96.1869351916614
91,97.90786889408713
92,100.4097371827855
93,83.76150290419625
94,90.19825548452864
95,83.73561397825404
96,80.31829905991857
97,76.96522092147096
98,84.00595217006948
99,75.44602788384361
100,65.84530560953942
101,54.30551754065692
102,70.73523460984231
103,68.94170585342813
104,73.18708156449793
105,68.01480778422446
106,67.76450713296599
107,62.6342729339874
108,74.82743850615653
109,78.02712546066309
110,82.21941556177902
111,92.63114561472074
112,84.82577800653715
113,89.71943537004582
114,71.43303741926479
115,94.81560878459362
116,87.75239775585183
117,97.70029356864721
118,83.72091515430401
119,90.21393604170146
120,86.28621206742663
121,81.14258396078436
122,54.679250755254316
123,80.85751117370032
124,58.65204765199427
125,69.22492442559599
126,45.627745680008026
127,49.38437850121813
128,38.55482462086888
129,40.13868669336744
130,45.26853180704741
131,36.02755430869306
132,40.42563101931156
133,52.29808286664603
134,59.285356342448225
135,52.67587618744334
136,44.413278541523326
137,53.549629441440004
138,64.50440555817066
139,66.84364253474209
140,60.62747660590161
141,49.75187119094056
142,94.8073688214752
143,107.0215633305333
144,74.89191517173894
145,104.73928949275788
146,49.065771823391984
147,0.0
148,0.0
149,0.0
150,0.0
151,0.0
152,0.0
153,0.0
154,0.0
155,0.0
156,0.0
157,0.0
158,0.0
159,0.0
160,0.0
161,0.0
162,0.0
163,0.0
164,0.0
165,0.0
166,0.0
167,0.0
168,0.0
169,0.0
170,0.0
171,0.0
172,0.0
173,0.0
174,0.0
175,0.0
176,0.0
177,0.0
178,0.0
179,0.0
180,0.0
181,0.0
182,0.0
183,0.0
184,0.0
185,0.0
186,0.0
187,0.0
188,0.0
189,0.0
190,0.0
191,0.0
192,0.0
193,0.0
194,0.0
195,0.0
196,0.0
197,0.0
198,0.0
199,0.0
200,0.0
201,0.0
202,0.0
203,0.0
204,0.0
205,0.0
206,0.0
207,0.0
208,0.0
209,0.0
210,0.0
211,0.0
212,0.0
213,0.0
214,0.0
215,0.0
216,0.0
217,0.0
218,0.0
219,0.0
220,0.0
221,0.0
222,0.0
223,0.0
224,0.0
225,0.0
226,0.0
227,0.0
228,0.0
229,0.0
230,0.0
231,0.0
232,0.0
233,0.0
234,0.0
235,0.0
236,0.0
237,0.0
238,0.0
239,0.0
240,0.0
241,0.0
242,0.0
243,0.0
244,0.0
245,0.0
246,0.0
247,0.0
248,0.0
249,0.0
250,0.0
251,0.0
252,0.0
253,0.0
254,0.0
255,0.0
256,0.0
257,0.0
258,0.0
259,0.0
260,0.0
261,0.0
262,0.0
263,0.0
264,0.0
265,0.0
266,0.0
267,0.0
268,0.0
269,0.0
270,0.0
271,0.0
272,0.0
273,0.0
274,0.0
275,0.0
276,0.0
277,0.0
278,0.0
279,0.0
280,0.0
281,0.0
282,0.0
283,0.0
284,0.0
285,0.0
286,0.0
287,0.0
288,0.0
289,0.0
290,0.0
291,0.0
292,0.0
293,0.0
