**** , USER DATA ,****,
, Device Info, 
-------------------------------------
Model :SM-A505F
Device: a50
Manufacturer: samsung
Board: exynos9610
Brand: samsung
SDK or OS  : 30
versionRelease: 11
VERSION_CODE: 5
VERSION_NAME: 1.0
-------------------------------------

 Unique file Id,22349, 
 Front Face,true, 
 Sampling Rate  : 8,

Id provided by Hospital or Entered manually or Randomly generated, 
20220111_153228-SM-A505F-32, 

 ************, User Manual Data : ,************ ,  

Gender,Female,
height,160,
weight,70,
Age,29,
BPsystolic(Manual),109,
BPdiastolic(Manual),69,
heartrate(Manual),70,
Medication,0,
Place ,,

 ************ , Advance Settings ,************ , 

 ************, 
 {hsvMin=60.0, hsvMax=340.0, saturationMin=0.4, saturationMax=1.0, brightnessMin=0.0, brightnessMax=1.0} ,************ ,  

 
  ************, Calculated : ,************

BMI,27,
BMR,1627,
BPsystolic,108,
BPdiastolic,74,
Heartrate,100,
Respirationrate,12,
Rythm,Pitta/Kapha(Reg),
Kathinya,266,
Kapha,50.00  %,
Vata,16.67  %,
Pitta,33.33  %,
Tala Result,0.009449686621205176,
Variance Of Heart Rate,0.2611367636255954,
BSA,1.7318886979699173,
ET,252.57,
SV,40.97080339798465,
PP,25.384636553893838,
MPP,83.25,

 ************, KPV2 ,************
K2 , 45.43  %P2 , 27.27  %V2 , 27.30  %
PPG,


Colors Code , RED , GREEN , BLUE , H, S, V , GOOD SIGNAL HSV AVG ( per sec)  , <.1
0,166.0,11.0,0.0,9.400922,0.8785425,0.96862745,253.625,0.0
1,186.0,28.0,4.0,9.357798,0.87903225,0.972549,247.75,0.0
2,203.0,36.0,7.0,9.9082575,0.87903225,0.972549,247.375,0.0
3,238.0,64.0,21.0,9.9539175,0.875,0.972549,247.5,0.0
4,243.0,73.0,30.0,10.230414,0.875,0.972549,247.5
5,247.0,78.0,35.0,9.9082575,0.87903225,0.972549,246.75
6,248.0,81.0,37.0,9.677419,0.875,0.972549,246.5
7,249.0,82.0,37.0,9.9539175,0.875,0.972549,247.375
8,249.0,82.0,38.0,10.230414,0.875,0.972549,247.75
9,248.0,80.0,37.0,9.9539175,0.875,0.972549,247.5
10,248.0,76.0,34.0,9.633028,0.87903225,0.972549,247.25
11,248.0,74.0,33.0,9.9082575,0.87903225,0.972549,247.0
12,247.0,74.0,33.0,9.9539175,0.875,0.972549,247.375
13,248.0,75.0,33.0,10.277778,0.87096775,0.972549,247.0
14,248.0,76.0,34.0,10.230414,0.875,0.972549,247.0
15,248.0,74.0,33.0,9.9082575,0.87903225,0.972549,247.125
16,247.0,72.0,32.0,9.9539175,0.875,0.972549,247.0
17,248.0,73.0,32.0,9.9539175,0.875,0.972549,246.875
18,248.0,73.0,32.0,10.0,0.87096775,0.972549,247.0
19,248.0,74.0,32.0,10.0,0.87096775,0.972549,247.125
20,247.0,72.0,32.0,9.633028,0.87903225,0.972549,246.75
21,247.0,70.0,30.0,9.677419,0.875,0.972549,247.125
22,247.0,69.0,30.0,9.9539175,0.875,0.972549,248.0
23,247.0,69.0,30.0,10.0,0.87096775,0.972549,247.625
24,247.0,70.0,30.0,10.230414,0.87148595,0.9764706,247.5
25,247.0,68.0,30.0,9.9539175,0.875,0.972549,247.75
26,246.0,67.0,29.0,9.677419,0.875,0.972549,247.375
27,247.0,67.0,29.0,9.9539175,0.875,0.972549,247.5
28,248.0,71.0,32.0,10.230414,0.875,0.972549,248.0
29,248.0,73.0,33.0,10.230414,0.87148595,0.9764706,247.875
30,248.0,72.0,32.0,9.9082575,0.87903225,0.972549,247.625
31,248.0,69.0,30.0,9.9082575,0.87903225,0.972549,247.625
32,248.0,69.0,30.0,9.9539175,0.875,0.972549,248.0
33,248.0,70.0,31.0,248.0
34,248.0,71.0,31.0,248.125
35,248.0,72.0,31.0,217.125
36,247.0,69.0,30.0
37,247.0,68.0,29.0
38,247.0,68.0,30.0
39,247.0,69.0,31.0
40,248.0,70.0,31.0
41,247.0,68.0,30.0
42,247.0,67.0,30.0
43,247.0,67.0,30.0
44,247.0,68.0,30.0
45,247.0,69.0,30.0
46,247.0,66.0,30.0
47,246.0,65.0,29.0
48,246.0,65.0,29.0
49,247.0,66.0,29.0
50,247.0,67.0,30.0
51,246.0,65.0,29.0
52,246.0,64.0,29.0
53,246.0,64.0,29.0
54,247.0,65.0,29.0
55,247.0,66.0,30.0
56,246.0,64.0,29.0
57,246.0,63.0,28.0
58,246.0,63.0,28.0
59,247.0,67.0,31.0
60,248.0,70.0,33.0
61,248.0,71.0,33.0
62,248.0,68.0,31.0
63,248.0,67.0,31.0
64,248.0,68.0,31.0
65,248.0,68.0,31.0
66,248.0,69.0,32.0
67,247.0,67.0,31.0
68,247.0,67.0,31.0
69,248.0,68.0,31.0
70,248.0,69.0,32.0
71,248.0,71.0,32.0
72,248.0,69.0,31.0
73,248.0,68.0,31.0
74,248.0,69.0,31.0
75,248.0,69.0,32.0
76,248.0,70.0,32.0
77,247.0,67.0,30.0
78,247.0,66.0,30.0
79,247.0,67.0,30.0
80,247.0,68.0,31.0
81,248.0,69.0,31.0
82,247.0,66.0,30.0
83,247.0,66.0,30.0
84,247.0,67.0,30.0
85,247.0,67.0,31.0
86,248.0,68.0,31.0
87,247.0,67.0,30.0
88,247.0,65.0,29.0
89,247.0,66.0,30.0
90,247.0,66.0,30.0
91,247.0,68.0,31.0
92,247.0,68.0,31.0
93,247.0,66.0,30.0
94,247.0,65.0,30.0
95,247.0,66.0,30.0
96,247.0,68.0,31.0
97,248.0,69.0,32.0
98,247.0,68.0,31.0
99,247.0,67.0,30.0
100,247.0,68.0,31.0
101,248.0,69.0,31.0
102,248.0,69.0,32.0
103,247.0,68.0,31.0
104,247.0,66.0,30.0
105,247.0,67.0,31.0
106,247.0,68.0,31.0
107,247.0,69.0,31.0
108,247.0,67.0,30.0
109,247.0,65.0,29.0
110,247.0,66.0,30.0
111,247.0,67.0,30.0
112,247.0,68.0,31.0
113,247.0,67.0,30.0
114,247.0,65.0,29.0
115,247.0,65.0,30.0
116,247.0,66.0,30.0
117,247.0,67.0,31.0
118,247.0,67.0,31.0
119,247.0,65.0,30.0
120,247.0,65.0,30.0
121,247.0,66.0,30.0
122,247.0,68.0,31.0
123,247.0,69.0,32.0
124,247.0,67.0,30.0
125,247.0,66.0,30.0
126,247.0,67.0,31.0
127,247.0,68.0,31.0
128,248.0,69.0,32.0
129,247.0,67.0,30.0
130,247.0,66.0,30.0
131,247.0,67.0,30.0
132,247.0,67.0,31.0
133,247.0,68.0,31.0
134,247.0,65.0,30.0
135,247.0,64.0,29.0
136,247.0,65.0,29.0
137,247.0,66.0,30.0
138,247.0,67.0,31.0
139,247.0,65.0,30.0
140,246.0,64.0,29.0
141,247.0,65.0,30.0
142,247.0,66.0,30.0
143,247.0,67.0,30.0
144,247.0,67.0,31.0
145,247.0,66.0,30.0
146,247.0,67.0,30.0
147,247.0,67.0,30.0
148,247.0,68.0,31.0
149,247.0,69.0,31.0
150,247.0,66.0,30.0
151,247.0,67.0,30.0
152,247.0,68.0,31.0
153,247.0,69.0,31.0
154,248.0,70.0,32.0
155,247.0,67.0,30.0
156,247.0,66.0,30.0
157,247.0,67.0,31.0
158,247.0,68.0,31.0
159,247.0,68.0,31.0
160,247.0,65.0,30.0
161,247.0,65.0,29.0
162,247.0,65.0,30.0
163,247.0,66.0,30.0
164,247.0,67.0,31.0
165,246.0,64.0,29.0
166,246.0,64.0,29.0
167,247.0,65.0,30.0
168,247.0,66.0,30.0
169,247.0,66.0,30.0
170,246.0,63.0,29.0
171,246.0,63.0,28.0
172,246.0,63.0,29.0
173,248.0,67.0,32.0
174,248.0,70.0,33.0
175,248.0,67.0,32.0
176,248.0,67.0,32.0
177,248.0,68.0,32.0
178,248.0,69.0,33.0
179,248.0,70.0,33.0
180,248.0,68.0,32.0
181,248.0,68.0,32.0
182,248.0,69.0,32.0
183,248.0,69.0,33.0
184,248.0,69.0,33.0
185,248.0,66.0,31.0
186,248.0,66.0,31.0
187,248.0,67.0,31.0
188,248.0,67.0,32.0
189,248.0,67.0,32.0
190,247.0,65.0,31.0
191,247.0,65.0,31.0
192,247.0,66.0,31.0
193,248.0,67.0,32.0
194,248.0,67.0,32.0
195,247.0,65.0,30.0
196,247.0,65.0,31.0
197,247.0,66.0,31.0
198,248.0,67.0,31.0
199,248.0,67.0,31.0
200,247.0,65.0,30.0
201,247.0,65.0,31.0
202,248.0,66.0,31.0
203,248.0,68.0,32.0
204,248.0,68.0,32.0
205,247.0,65.0,30.0
206,248.0,66.0,31.0
207,248.0,66.0,31.0
208,248.0,68.0,32.0
209,248.0,67.0,32.0
210,247.0,65.0,30.0
211,247.0,65.0,30.0
212,247.0,66.0,31.0
213,248.0,67.0,31.0
214,248.0,67.0,31.0
215,247.0,64.0,30.0
216,247.0,64.0,30.0
217,247.0,65.0,30.0
218,248.0,66.0,31.0
219,248.0,67.0,31.0
220,247.0,65.0,30.0
221,247.0,64.0,30.0
222,247.0,66.0,31.0
223,248.0,67.0,31.0
224,248.0,69.0,32.0
225,248.0,67.0,31.0
226,248.0,66.0,30.0
227,248.0,67.0,31.0
228,248.0,68.0,31.0
229,248.0,70.0,32.0
230,248.0,67.0,31.0
231,248.0,66.0,30.0
232,248.0,67.0,31.0
233,248.0,67.0,31.0
234,248.0,68.0,32.0
235,248.0,66.0,31.0
236,248.0,66.0,30.0
237,248.0,66.0,31.0
238,248.0,67.0,31.0
239,248.0,68.0,32.0
240,247.0,65.0,30.0
241,247.0,65.0,30.0
242,248.0,65.0,30.0
243,248.0,66.0,31.0
244,248.0,66.0,31.0
245,247.0,63.0,29.0
246,247.0,64.0,30.0
247,248.0,65.0,30.0
248,248.0,66.0,31.0
249,248.0,67.0,31.0
250,247.0,64.0,30.0
251,247.0,64.0,30.0
252,248.0,65.0,30.0
253,248.0,66.0,31.0
254,248.0,66.0,31.0
255,247.0,64.0,30.0
256,248.0,64.0,30.0
257,248.0,66.0,30.0
258,248.0,67.0,31.0
259,248.0,68.0,31.0
260,248.0,66.0,30.0
261,248.0,66.0,31.0
262,248.0,67.0,31.0
263,248.0,68.0,31.0
264,248.0,67.0,31.0
265,248.0,65.0,30.0
266,248.0,66.0,30.0
267,248.0,67.0,31.0
268,248.0,69.0,32.0
269,248.0,68.0,31.0
270,248.0,66.0,30.0
271,248.0,67.0,31.0
272,248.0,67.0,31.0
273,248.0,68.0,32.0
274,248.0,68.0,32.0
275,248.0,65.0,30.0
276,248.0,66.0,31.0
277,248.0,67.0,31.0
278,248.0,68.0,32.0
279,249.0,69.0,32.0
280,248.0,67.0,31.0
281,248.0,66.0,31.0
282,248.0,67.0,31.0
283,248.0,68.0,31.0
284,249.0,69.0,32.0
285,248.0,66.0,30.0
286,248.0,66.0,30.0
287,248.0,67.0,31.0

 ************, After Bandpass: ,************
central frequency  ,2.25 
Width frequency  , 3.16 

 ************, PPG Signal : ,************ , , Removed 
0,-0.06912536999448093, ,,-166.0
1,-0.6224489040009757, ,,-186.0
2,-0.22856595824077885, ,,-203.0
3,-0.8747178204432657, ,,-238.0
4,-0.6717887084664653, ,,-243.0
5,0.0821993018532794, ,,-247.0
6,-0.10994533638699977, ,,-248.0
7,1.026601375592918, ,,-249.0
8,-0.11318431574250098, ,,-249.0
9,-0.15538451385805274, ,,154.86302254408878
10,0.05502035509061898, ,,114.4820312110582
11,0.02656503120851994, ,,-17.805778892757246
12,0.08303307850792407, ,,-13.424011087365841
13,0.07338859039805357, ,,-66.53228611377642
14,-0.5734341301786117, ,,-42.73829455651571
15,-0.39880251908675746, ,,-54.74123579846173
16,0.708674683190111, ,,-33.760332945179925
17,0.5533088801460053, ,,-27.7692932230093
18,-0.4388396958531757, ,,-15.96302101518836
19,-0.31625540848131095, ,,-7.187420588535815
20,0.003945034711932749, ,,-5.750670626757028
21,0.6485249906477293, ,,2.659007521896683
22,0.6044058357679205, ,,-0.6081292842600305
23,-0.5821555430120497, ,,5.968862211158012
24,-0.38846799025941436, ,,0.30232963710295735
25,-0.10328156919467801, ,,5.248110562879901
26,0.5654695416099003, ,,-0.8857728937728098
27,1.1850512431060451, ,,3.5552415620149986
28,0.4446472382558113, ,,0.34770865063046585
29,0.004459453548861347, ,,2.2107512581428637
30,-0.26251356938860226, ,,-0.7782838646926393
31,-0.3548908328230027, ,,0.5873503305986105
32,-0.36575569972023914, ,,-0.9290824881200024
33,-0.3126753642245603, ,
34,-0.865512560812931, ,
35,-0.6286180250904181, ,
36,0.5962203283929739, ,
37,0.46108051058990895, ,
38,0.18308597281929906, ,
39,0.12727491692430704, ,
40,-0.02975875979200282, ,
41,-0.020736115380714182, ,
42,-0.08750539430729987, ,
43,-0.05253937381576179, ,
44,-0.6951754075710141, ,
45,-0.49953760906464595, ,
46,0.03528430227379431, ,
47,0.034625356503511284, ,
48,0.8829775335159411, ,
49,0.007740799178463931, ,
50,-0.3100652581340455, ,
51,0.15552186746162988, ,
52,-0.09862158706118862, ,
53,0.7866243157361623, ,
54,-0.1747472604113227, ,
55,-0.4259327822317118, ,
56,0.032992114057378785, ,
57,-0.1700010424572156, ,
58,0.11036482764666289, ,
59,-0.04064424610965034, ,
60,0.10110037417393869, ,
61,0.007033599762507947, ,
62,0.05982062485531969, ,
63,0.01721042179883625, ,
64,0.6451067914795203, ,
65,-0.14702376966647535, ,
66,-0.5373602229558401, ,
67,0.03331512460908925, ,
68,0.392720965878425, ,
69,0.567372716969885, ,
70,-0.758137638356402, ,
71,-0.4172846409271642, ,
72,-0.18767651947155173, ,
73,-0.06933861972720479, ,
74,0.07767765221569789, ,
75,0.05295569751115181, ,
76,0.13781503810469076, ,
77,0.05558732538474942, ,
78,0.10813361252394316, ,
79,0.02327075472840079, ,
80,0.06103670419270202, ,
81,-0.0030088493781477155, ,
82,0.025933250922435036, ,
83,-0.013672660383690527, ,
84,0.0071155678476770845, ,
85,-0.013052113753929007, ,
86,-4.178349890935351E-4, ,
87,-0.00790887659877626, ,
88,-0.0023835929346205376, ,
89,-0.002780981479645561, ,
90,-0.0023953849445206288, ,
91,5.376297813199926E-4, ,
92,-0.0020316902027843753, ,
93,0.0019914495017019362, ,
94,-0.0017133990452293801, ,
95,0.6266441626935375, ,
96,-0.1642624137277835, ,
97,-0.5316193240396387, ,
98,0.019046010555939574, ,
99,-0.21608257119191876, ,
100,0.09362791350667976, ,
101,-0.04543260026071039, ,
102,0.08564706046558968, ,
103,0.02260128882585377, ,
104,0.045288043409527745, ,
105,0.038270848696583926, ,
106,0.007023913205784993, ,
107,-0.5898616121751274, ,
108,0.146944487753899, ,
109,0.5603444787416265, ,
110,-0.04396711326489822, ,
111,0.23743107416203202, ,
112,-0.11660540954835596, ,
113,0.060819900028945995, ,
114,-0.10263836058379638, ,
115,-0.012107723608096421, ,
116,-0.05585996611785049, ,
117,-0.03182664773316901, ,
118,-0.012431027549610008, ,
119,-0.031336749716274426, ,
120,0.013970107867407933, ,
121,0.5984850469108096, ,
122,-0.13892584649693163, ,
123,-0.5539796856442081, ,
124,0.04343250139982047, ,
125,-0.23311393649282763, ,
126,0.11231057444183534, ,
127,-0.05761147498378705, ,
128,0.0977754015359551, ,
129,0.014738007967935118, ,
130,0.05192136239861611, ,
131,0.03397957609013247, ,
132,-0.6146623369249937, ,
133,-0.42867073183811044, ,
134,0.6807548229171516, ,
135,0.5402396002671139, ,
136,0.17251482474989643, ,
137,-0.4804771714686922, ,
138,-0.5333691524594997, ,
139,0.047755442533116366, ,
140,1.1742994205005743, ,
141,1.1357584810230037, ,
142,-0.06424279583688985, ,
143,0.07949560171755365, ,
144,-0.4512380411711092, ,
145,-0.25143835091921574, ,
146,-0.3881748690901077, ,
147,-0.24209367670641768, ,
148,-0.1996559282385988, ,
149,-0.14464834959267137, ,
150,-0.045964139283341865, ,
151,-0.06630923752481976, ,
152,0.03356545625229046, ,
153,-0.0272060875340685, ,
154,0.055430692012805594, ,
155,-0.014522695906862282, ,
156,0.04779549501017755, ,
157,-0.6367852858340939, ,
158,-0.4301182535321004, ,
159,0.060357724337791296, ,
160,0.6929837409209085, ,
161,0.7215419500505504, ,
162,-0.514660918970776, ,
163,-0.29809074475997477, ,
164,-0.061062449039582134, ,
165,0.6116811644599238, ,
166,0.5755666782501976, ,
167,-0.6274166675991637, ,
168,-0.38539017701759803, ,
169,0.4835325633850971, ,
170,0.42307157505638315, ,
171,-5.323201667124522E-4, ,
172,-0.5966171908082742, ,
173,0.0021978272450269287, ,
174,0.4380127829331286, ,
175,-0.1656995547898532, ,
176,0.1268795622829657, ,
177,-0.7972960331649119, ,
178,-0.4679608177202681, ,
179,-0.03584474025456075, ,
180,0.6314758290200189, ,
181,0.6939143788240472, ,
182,-0.5675081424203654, ,
183,-0.2816329169390883, ,
184,-0.10050170293516203, ,
185,0.6458349908994023, ,
186,0.5465355483427174, ,
187,-0.5931159529977776, ,
188,-0.40693836598165944, ,
189,-0.11445919529751336, ,
190,0.5703595606441922, ,
191,0.5499402083141831, ,
192,-0.002634681555264251, ,
193,0.06588674468980571, ,
194,-0.19564315104389607, ,
195,-0.0956000880009924, ,
196,-0.1789207580004586, ,
197,-0.10015586427221024, ,
198,-0.09804880688534467, ,
199,-0.06080360777286842, ,
200,-0.028170679814593313, ,
201,-0.027481826337862003, ,
202,0.010052042495317437, ,
203,-0.010758149364619385, ,
204,0.02228440235899143, ,
205,-0.00563138545635411, ,
206,0.020537747690468677, ,
207,-0.6296003229961116, ,
208,-0.44746146920988394, ,
209,0.6910867456047072, ,
210,0.5212529541699951, ,
211,0.1928032805813018, ,
212,-0.4978668073838435, ,
213,-0.5127729074317813, ,
214,0.6574341574209939, ,
215,0.4034787702801168, ,
216,0.12925117805207265, ,
217,-0.5854629074333388, ,
218,-0.5557974576956894, ,
219,0.6150395217521236, ,
220,0.38534587104390994, ,
221,0.11901438086965754, ,
222,-0.5891714802019123, ,
223,0.0736992788565658, ,
224,0.45313949331011827, ,
225,-0.13916205903501577, ,
226,0.13979939293358257, ,
227,-0.17450881062472945, ,
228,0.004443373689582586, ,
229,-0.12156285088803997, ,
230,-0.03458889002035903, ,
231,-0.05261448513965661, ,
232,-0.03633244017441939, ,
233,-0.0023147360755046975, ,
234,-0.029650116998936937, ,
235,0.022742250865803726, ,
236,-0.02373431297382922, ,
237,0.02892810576872762, ,
238,-0.019342142050845723, ,
239,0.025081086420186693, ,
240,-0.015383123763058393, ,
241,0.01785530262145585, ,
242,-0.011316827952214226, ,
243,0.010886642293144178, ,
244,-0.0073369183915019676, ,
245,0.005562954127526609, ,
246,0.6205495202607381, ,
247,-0.1607827514951623, ,
248,-0.5347485363299711, ,
249,0.02018369407846876, ,
250,-0.21702734084669828, ,
251,0.7178890566412974, ,
252,-0.20788874447953276, ,
253,-0.44860449115435586, ,
254,0.043760643799942045, ,

 ************, GATI FFT  : ,************ , , Removed 
0,71059.02618246326
1,158.28638517427595
2,204.47239969348755
3,173.4124120408374
4,191.2934124597582
5,197.38594350307525
6,208.93056309682885
7,218.52997558432165
8,179.38257420084696
9,186.44427676479359
10,199.10105268568938
11,197.35431186512093
12,219.19047889673325
13,195.58441448490348
14,197.99383102923724
15,198.65601534472447
16,198.080924615919
17,193.79948626231257
18,181.18901948871698
19,185.612211856216
20,175.25417981407924
21,187.20657987348494
22,192.51229083089154
23,178.34089136828663
24,182.73076976706952
25,184.16326581195972
26,183.35975510597774
27,171.4305154401997
28,153.42344087846567
29,167.3938383961801
30,168.16277837207392
31,162.67763799378534
32,154.42141217302685
33,154.25324770384867
34,152.48238881978935
35,156.36333855164105
36,143.65019336623726
37,145.31657128764547
38,137.98149756327513
39,141.93358650384198
40,135.50325096571763
41,137.18939343784993
42,132.93650487024613
43,119.00522059845872
44,135.87185983072925
45,119.88439105856544
46,125.40497540581636
47,126.57260418973911
48,113.43720729989786
49,113.03472077858767
50,103.09760863402724
51,108.13846939080366
52,113.77656488168057
53,102.43012904419047
54,95.63449238806358
55,108.6321831410783
56,120.07515198604746
57,81.9053094204414
58,88.5813555701661
59,103.34958040309598
60,90.89701923904396
61,89.80256474488847
62,86.45138093616507
63,76.03274966689614
64,73.31002007115221
65,75.23876233683849
66,78.89695868408569
67,79.16897370556215
68,81.36039789719123
69,73.90541965053396
70,68.32972281310073
71,67.55472754132362
72,70.09279563550022
73,69.6696445713753
74,65.02774496997765
75,61.80212353559341
76,66.60408366237698
77,58.19890041598231
78,63.26438531143538
79,59.69049837071273
80,52.639605125727755
81,48.673479253621494
82,51.75374021351879
83,44.96572168871157
84,46.26522319114734
85,49.285427763391475
86,46.68198394041953
87,46.81931862557154
88,38.4082330359797
89,49.71310388263323
90,43.31206621188431
91,46.790077689387616
92,39.462435556624094
93,40.9989033806162
94,40.915800502076
95,39.554837286865684
96,41.761226035642196
97,42.0640028841199
98,45.318323561217326
99,42.337018859530055
100,36.54219815911869
101,39.450324478689566
102,43.14546086866602
103,42.56238059878525
104,40.410249645708745
105,42.20851249514266
106,39.14916013902488
107,39.412147128820784
108,43.06532184766124
109,48.33682162844004
110,38.652196598058275
111,46.869799388304045
112,45.45348474550731
113,44.25281906899831
114,47.64112538448154
115,52.358971932394425
116,40.61680726916566
117,45.72321169197271
118,49.627275148753505
119,50.59614560059524
120,49.20839136096847
121,50.44347267148567
122,54.359949384693984
123,54.527688749841445
124,50.17263162276872
125,50.40372532096294
126,55.21456332211728
127,53.360972596529436
128,49.261226331217316
129,58.45230729430781
130,55.01730861535186
131,49.89492259297689
132,60.073246770512775
133,51.90109006912552
134,55.9668473242694
135,53.63507210934539
136,57.32833753871062
137,51.223384199866196
138,56.20378356666256
139,60.517187366546175
140,59.063772454193376
141,62.492029881809685
142,61.23637399096171
143,59.89840086676897
144,0.0
145,0.0
146,0.0
147,0.0
148,0.0
149,0.0
150,0.0
151,0.0
152,0.0
153,0.0
154,0.0
155,0.0
156,0.0
157,0.0
158,0.0
159,0.0
160,0.0
161,0.0
162,0.0
163,0.0
164,0.0
165,0.0
166,0.0
167,0.0
168,0.0
169,0.0
170,0.0
171,0.0
172,0.0
173,0.0
174,0.0
175,0.0
176,0.0
177,0.0
178,0.0
179,0.0
180,0.0
181,0.0
182,0.0
183,0.0
184,0.0
185,0.0
186,0.0
187,0.0
188,0.0
189,0.0
190,0.0
191,0.0
192,0.0
193,0.0
194,0.0
195,0.0
196,0.0
197,0.0
198,0.0
199,0.0
200,0.0
201,0.0
202,0.0
203,0.0
204,0.0
205,0.0
206,0.0
207,0.0
208,0.0
209,0.0
210,0.0
211,0.0
212,0.0
213,0.0
214,0.0
215,0.0
216,0.0
217,0.0
218,0.0
219,0.0
220,0.0
221,0.0
222,0.0
223,0.0
224,0.0
225,0.0
226,0.0
227,0.0
228,0.0
229,0.0
230,0.0
231,0.0
232,0.0
233,0.0
234,0.0
235,0.0
236,0.0
237,0.0
238,0.0
239,0.0
240,0.0
241,0.0
242,0.0
243,0.0
244,0.0
245,0.0
246,0.0
247,0.0
248,0.0
249,0.0
250,0.0
251,0.0
252,0.0
253,0.0
254,0.0
255,0.0
256,0.0
257,0.0
258,0.0
259,0.0
260,0.0
261,0.0
262,0.0
263,0.0
264,0.0
265,0.0
266,0.0
267,0.0
268,0.0
269,0.0
270,0.0
271,0.0
272,0.0
273,0.0
274,0.0
275,0.0
276,0.0
277,0.0
278,0.0
279,0.0
280,0.0
281,0.0
282,0.0
283,0.0
284,0.0
285,0.0
286,0.0
287,0.0
