**** , USER DATA ,****,
, Device Info, 
-------------------------------------
Model :SM-A505F
Device: a50
Manufacturer: samsung
Board: exynos9610
Brand: samsung
SDK or OS  : 30
versionRelease: 11
VERSION_CODE: 5
VERSION_NAME: 1.0
-------------------------------------

 Unique file Id,10539, 
 Front Face,true, 
 Sampling Rate  : 8,

Id provided by Hospital or Entered manually or Randomly generated, 
20220111_134931-SM-A505F-22, 

 ************, User Manual Data : ,************ ,  

Gender,Female,
height,160,
weight,70,
Age,29,
BPsystolic(Manual),109,
BPdiastolic(Manual),69,
heartrate(Manual),70,
Medication,0,
Place ,,

 ************ , Advance Settings ,************ , 

 ************, 
 {hsvMin=60.0, hsvMax=340.0, saturationMin=0.4, saturationMax=1.0, brightnessMin=0.0, brightnessMax=1.0} ,************ ,  

 
  ************, Calculated : ,************

BMI,27,
BMR,1627,
BPsystolic,116,
BPdiastolic,72,
Heartrate,74,
Respirationrate,12,
Rythm,Pitta/Kapha(Reg),
Kathinya,197,
Kapha,16.67  %,
Vata,0.00  %,
Pitta,83.33  %,
Tala Result,0.0029668970099419652,
Variance Of Heart Rate,0.26843353145371074,
BSA,1.7318886979699173,
ET,252.57,
SV,57.09080339798465,
PP,33.23096821768606,
MPP,83.25,

 ************, KPV2 ,************
K2 , 45.91  %P2 , 34.24  %V2 , 19.84  %
PPG,


Colors Code , RED , GREEN , BLUE , H, S, V , GOOD SIGNAL HSV AVG ( per sec)  , <.1
0,115.0,98.0,99.0,15.5,0.78431374,0.6,112.625,0.0
1,122.0,105.0,106.0,15.371901,0.78571427,0.6039216,135.75,0.0
2,123.0,103.0,104.0,15.867768,0.78571427,0.6039216,144.0,0.0
3,115.0,89.0,89.0,15.5,0.77922076,0.6039216,156.0,0.0
4,78.0,33.0,30.0,15.867768,0.78064513,0.60784316,156.0,0.0
5,59.0,0.0,0.0,15.737704,0.78205127,0.6117647,156.25,0.0
6,66.0,2.0,0.0,15.737704,0.77707005,0.6156863,156.125,0.0
7,85.0,8.0,2.0,15.4838705,0.77018636,0.6313726,156.0
8,138.0,48.0,26.0,15.84,0.77160496,0.63529414,156.0
9,141.0,54.0,29.0,16.030535,0.7987805,0.6431373,156.0
10,137.0,53.0,30.0,15.572519,0.7987805,0.6431373,155.25
11,132.0,54.0,39.0,15.90909,0.8,0.64705884,155.0
12,127.0,41.0,23.0,15.7894745,0.79640716,0.654902,154.25
13,135.0,46.0,19.0,15.7894745,0.79640716,0.654902,153.25
14,137.0,51.0,22.0,15.90909,0.79041916,0.654902,152.0
15,138.0,54.0,24.0,15.90909,0.79041916,0.654902,152.0
16,139.0,56.0,24.0,15.454545,0.79041916,0.654902,152.0
17,140.0,57.0,25.0,15.7894745,0.7916667,0.65882355,151.0
18,140.0,58.0,25.0,16.119404,0.7928994,0.6627451,151.0
19,140.0,59.0,25.0,16.119404,0.7928994,0.6627451,152.0
20,140.0,59.0,25.0,15.7894745,0.78698224,0.6627451,152.0
21,141.0,60.0,26.0,15.7894745,0.78698224,0.6627451,151.25
22,144.0,62.0,27.0,16.119404,0.7928994,0.6627451,151.5
23,152.0,67.0,31.0,16.119404,0.7928994,0.6627451,152.125
24,155.0,69.0,33.0,16.240602,0.78698224,0.6627451,152.75
25,156.0,69.0,34.0,16.567165,0.7882353,0.6666667,153.0
26,156.0,70.0,34.0,16.567165,0.7882353,0.6666667,153.25
27,156.0,69.0,34.0,16.567165,0.7882353,0.6666667,154.25
28,156.0,69.0,34.0,16.567165,0.7882353,0.6666667,155.125
29,156.0,69.0,34.0,16.567165,0.7882353,0.6666667,155.375
30,156.0,69.0,34.0,17.014925,0.7882353,0.6666667,155.75
31,156.0,70.0,34.0,17.014925,0.7882353,0.6666667,151.875
32,156.0,70.0,34.0,17.014925,0.7882353,0.6666667,155.5
33,156.0,69.0,34.0,17.014925,0.7882353,0.6666667,165.375
34,156.0,69.0,34.0,168.625
35,156.0,69.0,34.0,169.875
36,156.0,69.0,34.0,42.5
37,156.0,70.0,34.0
38,156.0,70.0,34.0
39,156.0,70.0,34.0
40,156.0,69.0,34.0
41,156.0,69.0,34.0
42,156.0,69.0,34.0
43,156.0,70.0,34.0
44,157.0,70.0,34.0
45,157.0,70.0,34.0
46,156.0,70.0,34.0
47,156.0,69.0,34.0
48,156.0,69.0,34.0
49,156.0,69.0,34.0
50,156.0,70.0,34.0
51,157.0,70.0,34.0
52,156.0,70.0,34.0
53,156.0,70.0,34.0
54,156.0,69.0,34.0
55,156.0,69.0,34.0
56,156.0,70.0,34.0
57,156.0,70.0,34.0
58,156.0,70.0,34.0
59,156.0,70.0,34.0
60,156.0,70.0,34.0
61,156.0,70.0,34.0
62,156.0,70.0,34.0
63,156.0,70.0,34.0
64,156.0,70.0,34.0
65,156.0,70.0,34.0
66,156.0,70.0,34.0
67,156.0,69.0,33.0
68,156.0,69.0,34.0
69,156.0,70.0,33.0
70,156.0,70.0,34.0
71,156.0,70.0,34.0
72,156.0,70.0,34.0
73,156.0,69.0,33.0
74,156.0,69.0,33.0
75,156.0,69.0,33.0
76,156.0,69.0,33.0
77,156.0,69.0,34.0
78,156.0,69.0,34.0
79,156.0,69.0,33.0
80,156.0,68.0,33.0
81,155.0,68.0,33.0
82,155.0,68.0,33.0
83,155.0,68.0,33.0
84,156.0,69.0,33.0
85,156.0,69.0,33.0
86,155.0,68.0,33.0
87,155.0,68.0,33.0
88,155.0,68.0,33.0
89,155.0,68.0,33.0
90,155.0,68.0,33.0
91,155.0,68.0,33.0
92,155.0,68.0,33.0
93,155.0,67.0,32.0
94,155.0,67.0,32.0
95,155.0,67.0,32.0
96,155.0,67.0,32.0
97,155.0,67.0,32.0
98,155.0,67.0,32.0
99,154.0,66.0,32.0
100,154.0,66.0,32.0
101,154.0,66.0,32.0
102,154.0,66.0,32.0
103,154.0,66.0,32.0
104,154.0,65.0,32.0
105,154.0,65.0,32.0
106,154.0,64.0,31.0
107,153.0,63.0,31.0
108,153.0,63.0,31.0
109,153.0,63.0,31.0
110,153.0,63.0,31.0
111,153.0,62.0,30.0
112,153.0,61.0,30.0
113,152.0,61.0,30.0
114,152.0,60.0,30.0
115,152.0,60.0,30.0
116,152.0,60.0,29.0
117,152.0,60.0,29.0
118,152.0,60.0,29.0
119,152.0,59.0,29.0
120,152.0,59.0,29.0
121,152.0,59.0,29.0
122,152.0,59.0,29.0
123,152.0,60.0,29.0
124,152.0,60.0,29.0
125,152.0,59.0,29.0
126,152.0,59.0,29.0
127,152.0,59.0,29.0
128,152.0,60.0,29.0
129,152.0,60.0,29.0
130,152.0,59.0,29.0
131,152.0,59.0,29.0
132,152.0,59.0,28.0
133,152.0,59.0,28.0
134,152.0,58.0,28.0
135,152.0,58.0,28.0
136,152.0,58.0,28.0
137,151.0,57.0,28.0
138,151.0,57.0,27.0
139,151.0,56.0,28.0
140,151.0,56.0,27.0
141,151.0,56.0,28.0
142,151.0,56.0,28.0
143,151.0,56.0,27.0
144,151.0,55.0,27.0
145,151.0,55.0,27.0
146,151.0,55.0,27.0
147,151.0,55.0,27.0
148,151.0,56.0,27.0
149,151.0,56.0,27.0
150,151.0,56.0,27.0
151,151.0,56.0,27.0
152,151.0,56.0,27.0
153,152.0,56.0,27.0
154,152.0,57.0,28.0
155,152.0,57.0,28.0
156,152.0,57.0,28.0
157,152.0,57.0,28.0
158,152.0,57.0,28.0
159,152.0,57.0,28.0
160,152.0,57.0,28.0
161,152.0,57.0,28.0
162,152.0,57.0,28.0
163,152.0,57.0,28.0
164,152.0,57.0,28.0
165,152.0,57.0,28.0
166,152.0,58.0,28.0
167,152.0,58.0,28.0
168,152.0,58.0,28.0
169,152.0,57.0,28.0
170,152.0,56.0,27.0
171,151.0,56.0,27.0
172,151.0,56.0,27.0
173,151.0,56.0,27.0
174,151.0,56.0,28.0
175,151.0,56.0,27.0
176,151.0,56.0,27.0
177,151.0,56.0,27.0
178,151.0,56.0,27.0
179,151.0,56.0,28.0
180,152.0,56.0,28.0
181,152.0,57.0,28.0
182,151.0,56.0,27.0
183,152.0,56.0,27.0
184,152.0,56.0,27.0
185,152.0,56.0,27.0
186,152.0,57.0,28.0
187,152.0,57.0,28.0
188,152.0,57.0,28.0
189,152.0,57.0,27.0
190,152.0,57.0,28.0
191,152.0,57.0,28.0
192,153.0,58.0,28.0
193,153.0,58.0,28.0
194,153.0,57.0,28.0
195,152.0,57.0,28.0
196,152.0,57.0,28.0
197,153.0,57.0,28.0
198,153.0,58.0,28.0
199,153.0,58.0,28.0
200,153.0,57.0,28.0
201,153.0,57.0,28.0
202,153.0,57.0,28.0
203,153.0,58.0,28.0
204,153.0,58.0,28.0
205,153.0,58.0,28.0
206,153.0,58.0,28.0
207,153.0,58.0,28.0
208,153.0,58.0,28.0
209,153.0,58.0,28.0
210,153.0,58.0,28.0
211,153.0,59.0,28.0
212,153.0,58.0,28.0
213,153.0,58.0,28.0
214,153.0,59.0,28.0
215,154.0,59.0,28.0
216,154.0,59.0,28.0
217,154.0,59.0,28.0
218,154.0,59.0,29.0
219,154.0,59.0,29.0
220,154.0,59.0,29.0
221,154.0,59.0,29.0
222,154.0,60.0,29.0
223,155.0,60.0,30.0
224,155.0,60.0,30.0
225,155.0,60.0,30.0
226,155.0,61.0,31.0
227,155.0,61.0,31.0
228,155.0,61.0,31.0
229,156.0,61.0,31.0
230,155.0,61.0,31.0
231,155.0,61.0,31.0
232,155.0,61.0,31.0
233,155.0,61.0,31.0
234,156.0,61.0,31.0
235,156.0,62.0,31.0
236,156.0,62.0,31.0
237,155.0,61.0,31.0
238,155.0,61.0,30.0
239,155.0,61.0,30.0
240,155.0,61.0,30.0
241,155.0,62.0,31.0
242,156.0,62.0,32.0
243,156.0,62.0,32.0
244,156.0,62.0,32.0
245,157.0,63.0,32.0
246,157.0,63.0,32.0
247,156.0,63.0,32.0
248,153.0,62.0,31.0
249,151.0,60.0,29.0
250,153.0,61.0,30.0
251,154.0,61.0,31.0
252,153.0,61.0,30.0
253,151.0,61.0,30.0
254,151.0,61.0,30.0
255,150.0,61.0,30.0
256,152.0,62.0,31.0
257,153.0,64.0,33.0
258,154.0,64.0,33.0
259,154.0,65.0,33.0
260,154.0,65.0,34.0
261,155.0,66.0,34.0
262,156.0,66.0,34.0
263,157.0,67.0,35.0
264,161.0,69.0,37.0
265,162.0,70.0,37.0
266,164.0,68.0,33.0
267,164.0,67.0,33.0
268,165.0,68.0,33.0
269,167.0,69.0,34.0
270,167.0,69.0,34.0
271,167.0,70.0,35.0
272,167.0,70.0,35.0
273,167.0,69.0,35.0
274,168.0,70.0,35.0
275,169.0,71.0,35.0
276,169.0,71.0,35.0
277,169.0,71.0,36.0
278,169.0,71.0,36.0
279,169.0,71.0,35.0
280,169.0,71.0,35.0
281,169.0,72.0,36.0
282,170.0,73.0,36.0
283,170.0,73.0,36.0
284,170.0,73.0,36.0
285,170.0,73.0,36.0
286,170.0,73.0,36.0
287,170.0,74.0,36.0
288,170.0,74.0,36.0
289,170.0,74.0,36.0
290,170.0,74.0,36.0

 ************, After Bandpass: ,************
central frequency  ,2.25 
Width frequency  , 3.16 

 ************, PPG Signal : ,************ , , Removed 
0,-0.4090831680014162, ,,-115.0
1,-0.48810947370884605, ,,-122.0
2,0.03451282345645268, ,,-123.0
3,0.019765752568901007, ,,-115.0
4,0.14951843354651828, ,,-78.0
5,0.17838962429095773, ,,-59.0
6,0.10278134346299339, ,,-66.0
7,0.1712009525610938, ,,-85.0
8,0.023196992937755567, ,,-138.0
9,0.11726674847420782, ,,88.04712168837305
10,-0.03069078077942322, ,,62.590783510414724
11,0.693266108119019, ,,-15.092169602594609
12,0.41205561318327, ,,-12.420324979173046
13,-0.6582853909827691, ,,-34.666490794797426
14,-0.5581830079589736, ,,-17.967427808263437
15,-0.17619603513082893, ,,-27.837608406870004
16,-0.15374569174912267, ,,-15.33365619186145
17,0.05982137685396083, ,,-14.55385351734958
18,0.6478234146574096, ,,-8.776099869724248
19,-0.04873082266317397, ,,-5.031930817895386
20,-0.4717797897130822, ,,-4.028678520953008
21,0.10555569530595221, ,,1.2093497808812117
22,-0.172048681195065, ,,0.8535423255424348
23,0.13513848774755388, ,,8.949336735303177
24,-0.02461222913916572, ,,4.659601190164608
25,0.09475118379134528, ,,3.6586075577477004
26,0.029022623038144957, ,,-1.7028370213567996
27,0.03890384369151434, ,,-1.2259402899373981
28,0.03945122639697729, ,,-3.650432764497509
29,-0.0031815499230560818, ,,-1.9699701828237721
30,0.035402509087816725, ,,-2.858675332924008
31,-0.024463663730557528, ,,-1.2239905684600672
32,0.02865209899277943, ,,-1.497402151939582
33,-0.02937181631295971, ,
34,0.022328273246216668, ,
35,-0.025211839121993762, ,
36,0.016651444732133314, ,
37,-0.01788094437597465, ,
38,0.01149824372475905, ,
39,-0.010794961995770791, ,
40,0.007004857350693783, ,
41,-0.005350980783305204, ,
42,0.0034215845012113277, ,
43,-0.0017574309875953986, ,
44,8.921035134790145E-4, ,
45,2.985217357718284E-4, ,
46,-6.281333913875642E-4, ,
47,0.0012610721532837488, ,
48,-0.6257790816018769, ,
49,-0.46008968721378096, ,
50,0.07032578077985363, ,
51,0.6774739467545032, ,
52,0.7292628836614767, ,
53,-0.5206395666320986, ,
54,-0.29355610651361985, ,
55,-0.06185796992190262, ,
56,-0.01126553306301048, ,
57,0.11547104976989431, ,
58,0.06818385369217594, ,
59,0.1301047559508106, ,
60,0.054479422694726054, ,
61,0.08655300456507575, ,
62,0.020985592118222485, ,
63,0.04132077106339693, ,
64,-0.0018484665254163701, ,
65,0.012704755417189517, ,
66,-0.6343036764890257, ,
67,-0.46185945703587095, ,
68,0.06311900701996365, ,
69,0.04770192572641463, ,
70,0.26447212516302443, ,
71,0.1707401028024833, ,
72,0.2198949038235014, ,
73,0.13179288460605676, ,
74,-0.5108854613513358, ,
75,-0.3967540304219028, ,
76,0.10229886852027903, ,
77,0.0717646960398497, ,
78,0.2575386069131582, ,
79,0.1762972630792774, ,
80,-0.42678159149159, ,
81,-0.32818272436225016, ,
82,0.1642171492765101, ,
83,0.1195535768603122, ,
84,0.2847802855521877, ,
85,0.19920526883868206, ,
86,0.2009081570492981, ,
87,0.14086089396414536, ,
88,0.08528595133157069, ,
89,0.06904086549593558, ,
90,0.007264436523655604, ,
91,0.02456418405745353, ,
92,-0.026032127789221704, ,
93,0.006629757852351759, ,
94,-0.030431287175929356, ,
95,0.003011401861158447, ,
96,-0.022692456090339874, ,
97,0.0037843745449208654, ,
98,-0.013142168245394714, ,
99,0.0042588115985608965, ,
100,-0.005961797252211909, ,
101,0.003457748227333468, ,
102,-0.0017462019329741452, ,
103,0.001958292343715584, ,
104,-0.6241703306004638, ,
105,-0.4611078612526853, ,
106,0.07283030448570571, ,
107,0.051146021579825174, ,
108,0.27010321028501494, ,
109,0.17356670970275445, ,
110,0.22170024442641534, ,
111,0.13351747006299775, ,
112,0.11308850496482137, ,
113,0.06589557523466283, ,
114,0.029165277877382323, ,
115,0.02088581326165695, ,
116,-0.012743802583599972, ,
117,0.002428273235409506, ,
118,-0.024004386755905216, ,
119,-5.344950806147608E-4, ,
120,0.6039731030052735, ,
121,0.4632486640037996, ,
122,-0.08484870740880979, ,
123,-0.048097961987650706, ,
124,-0.2756734121541058, ,
125,-0.1707644710538716, ,
126,-0.22340740058416486, ,
127,-0.13176176802971895, ,
128,-0.1129304524846475, ,
129,-0.06530692985518272, ,
130,-0.028314493528114326, ,
131,-0.02115291955703924, ,
132,0.013721278651814828, ,
133,-0.0031266247449366347, ,
134,0.024879476997284655, ,
135,-2.5219443614332704E-4, ,
136,0.02117318353577957, ,
137,-0.002302262745615735, ,
138,-0.6108847831676485, ,
139,-0.4656205861442686, ,
140,0.07887998685771436, ,
141,0.04759291743516769, ,
142,0.2718893111829175, ,
143,0.171603574888195, ,
144,0.22142378705189003, ,
145,0.13304009737350952, ,
146,0.11203108719894317, ,
147,0.6908554280261114, ,
148,0.4895791735351622, ,
149,-0.6743996744762626, ,
150,0.09738469943818018, ,
151,0.26792084542410066, ,
152,-0.21954305738017865, ,
153,-0.003030095384588094, ,
154,-0.2500461423737761, ,
155,-0.06386779661693254, ,
156,-0.16633259062359684, ,
157,-0.04692540771043241, ,
158,-0.07398078068240466, ,
159,0.6033363414251198, ,
160,0.4488883965416335, ,
161,-0.07938572244029274, ,
162,-0.6604722826771194, ,
163,-0.7356043783936457, ,
164,0.544224015646023, ,
165,0.2856936619134558, ,
166,0.08203174348318498, ,
167,0.0021751289034455112, ,
168,-0.1013930084787944, ,
169,-0.07671610753357072, ,
170,-0.1215051942244827, ,
171,-0.061048575040217656, ,
172,-0.08190976107880488, ,
173,-0.02512441922169728, ,
174,-0.039231794360716776, ,
175,-1.3948706634892005E-4, ,
176,-0.012145429752763448, ,
177,0.009392928946454049, ,
178,-4.396302585973899E-5, ,
179,0.009089520746897506, ,
180,0.0032346908859608448, ,
181,0.005236135378822837, ,
182,0.6274097027990138, ,
183,0.4631922592961928, ,
184,-0.06981890433883109, ,
185,-0.052235077523505424, ,
186,-0.2676652113291311, ,
187,-0.1759272452843561, ,
188,-0.21974616920272183, ,
189,-0.13591971832772742, ,
190,0.512913993206439, ,
191,0.3938411717526833, ,
192,-0.09978578300706431, ,
193,-0.07374428632624586, ,
194,-0.255379689904089, ,
195,-0.17761460724182143, ,
196,0.42827914139479617, ,
197,-0.2970970894164111, ,
198,-0.6249800079361876, ,
199,-0.04822029228512292, ,
200,-0.23279048704148408, ,
201,0.6939819678048025, ,
202,0.43527259191796475, ,
203,0.00798145220915103, ,
204,-0.626937725280527, ,
205,-0.6872511821478611, ,
206,-0.04338943918628502, ,
207,-0.16491451498075094, ,
208,0.18178269701786576, ,
209,0.6670387832841698, ,
210,0.6486446183466796, ,
211,0.007002303449780811, ,
212,0.6858622696494194, ,
213,0.24825865630191402, ,
214,-0.830188755392669, ,
215,-2.5788100774398117, ,
216,-2.9687411173385954, ,
217,0.31913355133224286, ,
218,1.8071821243887598, ,
219,0.6230859657637211, ,
220,-0.7589644694227218, ,
221,-0.3418253516999812, ,
222,-0.13787401239687824, ,
223,1.2258013477044187, ,
224,2.2985980519074474, ,
225,1.4688565616143023, ,
226,1.0110695590240084, ,
227,-0.2056767164140183, ,
228,0.36783324537850604, ,
229,0.44230158551181376, ,
230,0.4872535709796466, ,
231,2.337631162931416, ,
232,1.683632121032133, ,
233,0.7008686784050724, ,
234,-0.22227716061183855, ,
235,-1.2070292847272412, ,
236,0.09760253378840389, ,
237,-0.9991097031165737, ,
238,-1.5291445876083571, ,
239,-1.441015122337376, ,
240,-1.4014586858803568, ,
241,-0.3068503048752973, ,
242,0.29231363444773706, ,
243,0.035682760658346524, ,
244,-0.4169691037116081, ,
245,-0.32947814734552594, ,
246,-0.4758058540269303, ,
247,-0.2829292546018678, ,
248,-0.30407339795544885, ,
249,0.4859220200926302, ,
250,0.33246042166695133, ,
251,-0.10313437558897931, ,
252,-0.07500233029111314, ,
253,-0.2535533133238914, ,
254,-0.1554868111294354, ,
255,-0.1987603096206385, ,
256,-0.10908292652970886, ,
257,-0.09963925886290781, ,

 ************, GATI FFT  : ,************ , , Removed 
0,44421.00008657069
1,144.2662948811377
2,669.9215941180015
3,689.1919567157502
4,709.1939503478833
5,796.115659310864
6,773.8791947354179
7,708.1066622506465
8,592.2307827972619
9,454.99153875143793
10,391.8494249656605
11,335.64242576308703
12,325.3433331794624
13,340.02835043528927
14,361.75606621573166
15,365.628174988086
16,349.8772262947787
17,344.0141275088363
18,326.9559826624647
19,321.95465100144315
20,309.217383531188
21,289.78309113149817
22,263.3906312318679
23,230.30035195409647
24,228.0324340744242
25,198.86548855067005
26,195.90655653106316
27,172.8750178464656
28,148.76906137290442
29,123.38568667502093
30,128.38802638849458
31,130.55551534197596
32,129.75646542920407
33,123.39757958245983
34,127.15110379324472
35,133.49336742302552
36,128.03223232789284
37,124.7748162015656
38,117.10990176729013
39,107.78919625680909
40,124.57487719494797
41,130.7782748545801
42,138.77164919654243
43,129.47144230623414
44,114.23487773934474
45,107.3432707023325
46,128.15250351744876
47,125.75909670400539
48,143.12277258823883
49,157.78317722202553
50,143.18244008539193
51,131.78349681068877
52,127.87138152631775
53,137.5112629264904
54,153.6985222921829
55,146.44389213444202
56,137.8971931791117
57,129.5267499826884
58,123.62988043682809
59,115.1080702150167
60,114.99259982611046
61,108.50781824191864
62,95.07034420887139
63,79.53028750216185
64,69.21011414710065
65,56.403891817829596
66,59.54052915897435
67,58.20786299085629
68,57.72243957353199
69,50.845266451744116
70,45.63515038964892
71,40.32087316099969
72,40.44264749443777
73,33.912920970106995
74,35.19881177776663
75,38.91858575198127
76,32.876784544074944
77,32.27355004056665
78,32.3468029810268
79,37.315119139385644
80,40.94408793044547
81,46.523908678225894
82,54.70346613997486
83,50.962178523930866
84,42.18904734626963
85,47.19843445430621
86,37.666967631177904
87,42.45352221666826
88,46.52697945027498
89,43.964453731599306
90,48.77989956047573
91,47.64728507287686
92,44.952203976499526
93,45.37091804791932
94,47.409801182706374
95,52.13539576743471
96,53.42328566698175
97,46.57252408878007
98,46.18487229493287
99,36.58964699721967
100,37.852860721320404
101,36.56414800517999
102,28.713019089798163
103,26.745636596549154
104,22.7137786122033
105,10.796760660123228
106,12.578472520273362
107,6.569669459014263
108,9.101179742172672
109,10.088514938042845
110,4.620870016795527
111,10.605262302663693
112,14.856852614865954
113,21.02077530974476
114,30.405489742771962
115,36.92336111103182
116,38.5909458734165
117,42.3771951230231
118,41.668008856825
119,45.332836274586825
120,47.54699798916655
121,51.71224860106011
122,55.76931583319843
123,57.19763142307927
124,53.692677280275426
125,54.88788793565285
126,50.18362521937854
127,46.18563191758609
128,51.694751351491306
129,51.56014954635062
130,49.803476076667906
131,45.3495221954204
132,41.67779314917189
133,44.60744870749756
134,45.30296225186441
135,39.52218954371388
136,39.76294039163181
137,29.950529843061084
138,28.833407612785685
139,26.813699984447
140,23.502105992341598
141,19.422430440604675
142,20.343003759866207
143,22.073919841200794
144,28.51107561017993
145,27.476802854207577
146,0.0
147,0.0
148,0.0
149,0.0
150,0.0
151,0.0
152,0.0
153,0.0
154,0.0
155,0.0
156,0.0
157,0.0
158,0.0
159,0.0
160,0.0
161,0.0
162,0.0
163,0.0
164,0.0
165,0.0
166,0.0
167,0.0
168,0.0
169,0.0
170,0.0
171,0.0
172,0.0
173,0.0
174,0.0
175,0.0
176,0.0
177,0.0
178,0.0
179,0.0
180,0.0
181,0.0
182,0.0
183,0.0
184,0.0
185,0.0
186,0.0
187,0.0
188,0.0
189,0.0
190,0.0
191,0.0
192,0.0
193,0.0
194,0.0
195,0.0
196,0.0
197,0.0
198,0.0
199,0.0
200,0.0
201,0.0
202,0.0
203,0.0
204,0.0
205,0.0
206,0.0
207,0.0
208,0.0
209,0.0
210,0.0
211,0.0
212,0.0
213,0.0
214,0.0
215,0.0
216,0.0
217,0.0
218,0.0
219,0.0
220,0.0
221,0.0
222,0.0
223,0.0
224,0.0
225,0.0
226,0.0
227,0.0
228,0.0
229,0.0
230,0.0
231,0.0
232,0.0
233,0.0
234,0.0
235,0.0
236,0.0
237,0.0
238,0.0
239,0.0
240,0.0
241,0.0
242,0.0
243,0.0
244,0.0
245,0.0
246,0.0
247,0.0
248,0.0
249,0.0
250,0.0
251,0.0
252,0.0
253,0.0
254,0.0
255,0.0
256,0.0
257,0.0
258,0.0
259,0.0
260,0.0
261,0.0
262,0.0
263,0.0
264,0.0
265,0.0
266,0.0
267,0.0
268,0.0
269,0.0
270,0.0
271,0.0
272,0.0
273,0.0
274,0.0
275,0.0
276,0.0
277,0.0
278,0.0
279,0.0
280,0.0
281,0.0
282,0.0
283,0.0
284,0.0
285,0.0
286,0.0
287,0.0
288,0.0
289,0.0
290,0.0
