**** , USER DATA ,****,
, Device Info, 
-------------------------------------
Model :SM-A505F
Device: a50
Manufacturer: samsung
Board: exynos9610
Brand: samsung
SDK or OS  : 30
versionRelease: 11
VERSION_CODE: 5
VERSION_NAME: 1.0
-------------------------------------

 Unique file Id,15029, 
 Front Face,true, 
 Sampling Rate  : 8,

Id provided by Hospital or Entered manually or Randomly generated, 
20220111_112313-SM-A505F-07, 

 ************, User Manual Data : ,************ ,  

Gender,Male,
height,10,
weight,10,
Age,29,
BPsystolic(Manual),120,
BPdiastolic(Manual),85,
heartrate(Manual),10,
Medication,0,
Place ,,

 ************ , Advance Settings ,************ , 

 ************, 
 {hsvMin=60.0, hsvMax=340.0, saturationMin=0.4, saturationMax=1.0, brightnessMin=0.0, brightnessMax=1.0} ,************ ,  

 
  ************, Calculated : ,************

BMI,999,
BMR,55,
BPsystolic,54,
BPdiastolic,105,
Heartrate,109,
Respirationrate,12,
Rythm,Pitta/Kapha(Reg),
Kathinya,18,
Kapha,33.33  %,
Vata,50.00  %,
Pitta,16.67  %,
Tala Result,0.0042726660576788865,
Variance Of Heart Rate,0.6545539363229581,
BSA,0.10147669720569867,
ET,252.57,
SV,-30.477841432889775,
PP,-38.192783750488445,
MPP,92.5,

 ************, KPV2 ,************
K2 , 36.25  %P2 , 33.56  %V2 , 30.19  %
PPG,


Colors Code , RED , GREEN , BLUE , H, S, V , GOOD SIGNAL HSV AVG ( per sec)  , <.1
0,43.0,26.0,28.0,22.125,0.82901555,0.75686276,52.25,0.0
1,40.0,14.0,15.0,23.018867,0.83246076,0.7490196,188.625,0.0
2,37.0,3.0,1.0,23.164557,0.83157897,0.74509805,208.875,0.0
3,39.0,3.0,1.0,23.164557,0.83157897,0.74509805,209.75,0.0
4,43.0,3.0,1.0,23.164557,0.83157897,0.74509805,211.0,0.0
5,43.0,0.0,0.0,23.164557,0.83157897,0.74509805,211.25,0.0
6,37.0,0.0,0.0,23.164557,0.83157897,0.74509805,211.0,0.0
7,57.0,0.0,0.0,23.312101,0.8306878,0.7411765,212.0,0.0
8,79.0,0.0,0.0,23.312101,0.8351064,0.7372549,212.75,0.0
9,121.0,6.0,0.0,24.683544,0.85405403,0.7254902,213.75,0.0
10,154.0,17.0,1.0,25.605095,0.8579235,0.7176471,214.0,0.0
11,203.0,49.0,17.0,25.935484,0.8563536,0.70980394,214.0,0.0
12,204.0,49.0,16.0,25.882353,0.8547486,0.7019608,214.0,0.0
13,204.0,50.0,16.0,25.882353,0.8547486,0.7019608,214.0
14,207.0,56.0,17.0,26.103897,0.8603352,0.7019608,215.0
15,208.0,56.0,16.0,26.052631,0.8636364,0.6901961,214.0
16,208.0,57.0,18.0,25.199999,0.86206895,0.68235296,214.0
17,208.0,58.0,18.0,24.897959,0.8596491,0.67058825,214.0
18,209.0,58.0,18.0,24.897959,0.8596491,0.67058825,214.0
19,209.0,59.0,18.0,24.729729,0.8604651,0.6745098,214.0
20,209.0,59.0,18.0,25.135134,0.8604651,0.6745098,214.0
21,209.0,59.0,18.0,25.135134,0.8604651,0.6745098,214.0
22,209.0,59.0,18.0,24.897959,0.85465115,0.6745098,214.0
23,209.0,60.0,18.0,24.729729,0.85549134,0.6784314,213.125
24,209.0,60.0,19.0,24.729729,0.85549134,0.6784314,213.25
25,209.0,60.0,19.0,24.729729,0.85549134,0.6784314,213.0
26,209.0,60.0,19.0,24.729729,0.85549134,0.6784314,213.0
27,209.0,61.0,19.0,24.729729,0.85549134,0.6784314,213.0
28,210.0,61.0,19.0,24.729729,0.85549134,0.6784314,213.0
29,210.0,62.0,19.0,24.729729,0.85549134,0.6784314,210.25
30,210.0,62.0,20.0,24.729729,0.85549134,0.6784314,197.125
31,210.0,63.0,20.0,24.729729,0.85549134,0.6784314,193.0
32,211.0,63.0,20.0,24.729729,0.85549134,0.6784314,192.0
33,211.0,64.0,20.0,187.0
34,211.0,64.0,20.0,175.125
35,211.0,64.0,20.0,172.625
36,211.0,64.0,20.0,108.125
37,211.0,64.0,21.0
38,211.0,65.0,21.0
39,211.0,65.0,21.0
40,211.0,65.0,21.0
41,211.0,65.0,21.0
42,211.0,65.0,21.0
43,211.0,65.0,21.0
44,212.0,65.0,21.0
45,212.0,65.0,21.0
46,211.0,65.0,21.0
47,211.0,65.0,21.0
48,211.0,65.0,21.0
49,211.0,65.0,21.0
50,211.0,65.0,21.0
51,211.0,65.0,21.0
52,211.0,65.0,21.0
53,211.0,66.0,21.0
54,211.0,66.0,21.0
55,211.0,66.0,21.0
56,211.0,66.0,21.0
57,212.0,66.0,21.0
58,212.0,66.0,22.0
59,212.0,66.0,22.0
60,212.0,67.0,22.0
61,212.0,67.0,22.0
62,212.0,67.0,22.0
63,212.0,67.0,22.0
64,212.0,67.0,22.0
65,212.0,67.0,22.0
66,212.0,67.0,22.0
67,213.0,68.0,22.0
68,213.0,68.0,22.0
69,213.0,68.0,23.0
70,213.0,69.0,23.0
71,213.0,69.0,23.0
72,213.0,69.0,23.0
73,213.0,70.0,23.0
74,213.0,70.0,24.0
75,214.0,70.0,24.0
76,214.0,71.0,24.0
77,214.0,71.0,24.0
78,214.0,71.0,24.0
79,214.0,71.0,24.0
80,214.0,71.0,24.0
81,214.0,72.0,24.0
82,214.0,72.0,24.0
83,214.0,72.0,25.0
84,214.0,73.0,25.0
85,214.0,73.0,25.0
86,214.0,73.0,25.0
87,214.0,73.0,25.0
88,214.0,74.0,25.0
89,214.0,74.0,25.0
90,214.0,74.0,25.0
91,214.0,74.0,25.0
92,214.0,74.0,25.0
93,214.0,74.0,25.0
94,214.0,74.0,25.0
95,214.0,75.0,26.0
96,214.0,75.0,26.0
97,214.0,75.0,25.0
98,214.0,75.0,26.0
99,214.0,75.0,26.0
100,214.0,75.0,26.0
101,214.0,75.0,26.0
102,214.0,75.0,26.0
103,214.0,75.0,26.0
104,214.0,75.0,26.0
105,214.0,75.0,26.0
106,214.0,75.0,26.0
107,214.0,76.0,26.0
108,214.0,76.0,26.0
109,214.0,76.0,26.0
110,214.0,76.0,26.0
111,214.0,76.0,26.0
112,214.0,76.0,26.0
113,215.0,76.0,26.0
114,215.0,76.0,26.0
115,215.0,76.0,26.0
116,215.0,76.0,26.0
117,215.0,76.0,26.0
118,215.0,76.0,27.0
119,215.0,76.0,26.0
120,215.0,77.0,27.0
121,214.0,77.0,26.0
122,214.0,77.0,27.0
123,214.0,77.0,27.0
124,214.0,77.0,27.0
125,214.0,77.0,26.0
126,214.0,77.0,26.0
127,214.0,77.0,26.0
128,214.0,77.0,27.0
129,214.0,77.0,27.0
130,214.0,77.0,27.0
131,214.0,77.0,27.0
132,214.0,77.0,27.0
133,214.0,77.0,27.0
134,214.0,77.0,27.0
135,214.0,77.0,27.0
136,214.0,77.0,27.0
137,214.0,77.0,27.0
138,214.0,77.0,27.0
139,214.0,77.0,27.0
140,214.0,77.0,27.0
141,214.0,77.0,27.0
142,214.0,77.0,27.0
143,214.0,78.0,27.0
144,214.0,78.0,27.0
145,214.0,78.0,27.0
146,214.0,78.0,28.0
147,214.0,78.0,28.0
148,214.0,78.0,28.0
149,214.0,78.0,28.0
150,214.0,78.0,28.0
151,214.0,78.0,28.0
152,214.0,78.0,28.0
153,214.0,78.0,28.0
154,214.0,78.0,27.0
155,214.0,78.0,28.0
156,214.0,78.0,28.0
157,214.0,78.0,28.0
158,214.0,78.0,28.0
159,214.0,78.0,28.0
160,214.0,78.0,28.0
161,214.0,78.0,28.0
162,214.0,78.0,28.0
163,214.0,78.0,28.0
164,214.0,78.0,28.0
165,214.0,78.0,28.0
166,214.0,78.0,28.0
167,214.0,78.0,28.0
168,214.0,78.0,28.0
169,214.0,78.0,28.0
170,214.0,78.0,28.0
171,214.0,78.0,28.0
172,214.0,79.0,28.0
173,214.0,79.0,28.0
174,214.0,79.0,28.0
175,214.0,79.0,28.0
176,214.0,79.0,28.0
177,214.0,79.0,28.0
178,214.0,79.0,28.0
179,214.0,79.0,28.0
180,214.0,79.0,28.0
181,214.0,79.0,28.0
182,214.0,79.0,28.0
183,214.0,79.0,28.0
184,214.0,79.0,28.0
185,214.0,79.0,28.0
186,213.0,79.0,28.0
187,213.0,79.0,28.0
188,213.0,79.0,29.0
189,213.0,79.0,29.0
190,213.0,79.0,29.0
191,213.0,79.0,29.0
192,213.0,79.0,29.0
193,213.0,79.0,29.0
194,214.0,79.0,29.0
195,214.0,79.0,29.0
196,213.0,79.0,29.0
197,213.0,79.0,29.0
198,213.0,79.0,29.0
199,213.0,79.0,29.0
200,213.0,79.0,29.0
201,213.0,79.0,29.0
202,213.0,79.0,29.0
203,213.0,79.0,29.0
204,213.0,79.0,29.0
205,213.0,79.0,29.0
206,213.0,79.0,29.0
207,213.0,79.0,29.0
208,213.0,79.0,29.0
209,213.0,79.0,29.0
210,213.0,79.0,29.0
211,213.0,79.0,29.0
212,213.0,80.0,29.0
213,213.0,79.0,29.0
214,213.0,80.0,29.0
215,213.0,80.0,29.0
216,213.0,80.0,29.0
217,213.0,80.0,29.0
218,213.0,80.0,29.0
219,213.0,80.0,29.0
220,213.0,80.0,29.0
221,213.0,80.0,29.0
222,213.0,80.0,29.0
223,213.0,80.0,29.0
224,213.0,80.0,29.0
225,213.0,80.0,29.0
226,213.0,80.0,29.0
227,213.0,80.0,29.0
228,213.0,80.0,29.0
229,213.0,80.0,29.0
230,213.0,80.0,29.0
231,213.0,80.0,29.0
232,213.0,80.0,29.0
233,213.0,80.0,29.0
234,212.0,80.0,29.0
235,210.0,81.0,30.0
236,210.0,81.0,30.0
237,210.0,81.0,30.0
238,210.0,81.0,30.0
239,210.0,81.0,30.0
240,207.0,82.0,29.0
241,205.0,83.0,28.0
242,203.0,84.0,28.0
243,200.0,85.0,29.0
244,197.0,87.0,31.0
245,193.0,91.0,33.0
246,193.0,91.0,33.0
247,193.0,91.0,33.0
248,193.0,91.0,33.0
249,193.0,91.0,33.0
250,193.0,91.0,33.0
251,193.0,91.0,33.0
252,193.0,91.0,33.0
253,193.0,91.0,33.0
254,193.0,91.0,33.0
255,193.0,91.0,33.0
256,193.0,91.0,33.0
257,193.0,91.0,33.0
258,193.0,91.0,33.0
259,193.0,91.0,33.0
260,193.0,91.0,33.0
261,193.0,92.0,33.0
262,191.0,93.0,32.0
263,190.0,93.0,32.0
264,190.0,93.0,32.0
265,190.0,93.0,32.0
266,190.0,93.0,32.0
267,190.0,93.0,32.0
268,189.0,93.0,32.0
269,188.0,92.0,31.0
270,185.0,92.0,27.0
271,183.0,93.0,26.0
272,181.0,93.0,26.0
273,179.0,92.0,26.0
274,179.0,92.0,26.0
275,179.0,92.0,25.0
276,176.0,90.0,24.0
277,174.0,87.0,24.0
278,171.0,85.0,24.0
279,171.0,85.0,24.0
280,172.0,85.0,24.0
281,172.0,86.0,24.0
282,172.0,86.0,24.0
283,172.0,86.0,25.0
284,173.0,86.0,25.0
285,173.0,86.0,25.0
286,173.0,86.0,25.0
287,173.0,86.0,25.0
288,173.0,86.0,25.0
289,173.0,86.0,25.0
290,173.0,86.0,25.0
291,173.0,86.0,25.0
292,173.0,86.0,25.0
293,173.0,86.0,25.0

 ************, After Bandpass: ,************
central frequency  ,2.25 
Width frequency  , 3.16 

 ************, PPG Signal : ,************ , , Removed 
0,0.40705778187953, ,,-43.0
1,-0.5257541332339315, ,,-40.0
2,-0.24259336292652733, ,,-37.0
3,-0.4704856255732466, ,,-39.0
4,-0.3473336179949911, ,,-43.0
5,-0.23067023486510152, ,,-43.0
6,-0.26094251053427797, ,,-37.0
7,-0.026066805568234486, ,,-57.0
8,-0.15804734299945267, ,,-79.0
9,0.08065257691168881, ,,75.55816825739815
10,-0.09058462170628445, ,,76.46292548585873
11,0.7309756032082078, ,,37.14393503468402
12,0.4059967949262955, ,,14.629615625447968
13,-0.607017147597162, ,,-37.30038452804678
14,-0.5509885874866995, ,,-30.714561806796723
15,-0.1382712973584148, ,,-43.67646970110184
16,-0.14883970158780357, ,,-32.12692308250939
17,0.0798027574671778, ,,-29.233151403473585
18,0.024045980414484802, ,,-18.81995368765911
19,0.12090978675541919, ,,-11.621545148990435
20,0.06045580644695292, ,,-7.827496731000792
21,0.08518409849830277, ,,-1.258722379779556
22,0.044397924442364456, ,,-1.7218820141993092
23,0.03791684039197207, ,,2.9769408022282278
24,0.6462337365769599, ,,0.34802683295879433
25,0.46715712704599355, ,,3.459274540548222
26,-0.0638745281098636, ,,0.42350053018185463
27,-0.06072443616903911, ,,2.4726937015166186
28,-0.26612654732548435, ,,0.6120351947270137
29,-0.18650674818854895, ,,1.80083641463807
30,-0.2184482645366188, ,,-0.3777103429865747
31,-0.14416534394831615, ,,0.49297714582985463
32,-0.1095516879402112, ,,0.01007167480111093
33,-0.07288410936553191, ,
34,0.598666198482988, ,
35,0.4368503551845606, ,
36,-0.05642506101003164, ,
37,-0.05584278710148283, ,
38,-0.24331383674461904, ,
39,-0.1745387438529633, ,
40,-0.19948414507803136, ,
41,-0.1360737663856071, ,
42,0.5252921314183823, ,
43,0.39173479105852493, ,
44,-0.09391898333092286, ,
45,-0.07636168880935656, ,
46,-0.2534579277760258, ,
47,-0.17957241634962884, ,
48,-0.19614307701249345, ,
49,-0.1351784508710807, ,
50,-0.09223431424152295, ,
51,-0.06843353270096486, ,
52,-0.016280287406971183, ,
53,-0.024434593639398372, ,
54,0.019082879244479045, ,
55,-0.005735143850415625, ,
56,0.026283876140269058, ,
57,-0.0016467213492887822, ,
58,0.02069466067405301, ,
59,-0.0025220879335847712, ,
60,0.012422942980720109, ,
61,-0.003431289535456017, ,
62,0.005874952737485728, ,
63,-0.00310736326400729, ,
64,0.0019205334356229287, ,
65,-0.001961094275202413, ,
66,-2.2637745587417157E-5, ,
67,-7.053735655517812E-4, ,
68,-7.773586396524479E-4, ,
69,2.1561407220360707E-4, ,
70,-9.490187528626848E-4, ,
71,6.88229414208763E-4, ,
72,-8.754709642744274E-4, ,
73,7.988126903910597E-4, ,
74,-7.143527259358962E-4, ,
75,6.958288408895896E-4, ,
76,-5.329006778538314E-4, ,
77,5.084082074517937E-4, ,
78,-3.614855470459588E-4, ,
79,3.1886441479400673E-4, ,
80,0.624231647632314, ,
81,0.4617873610800416, ,
82,-0.07190188895265237, ,
83,-0.05155034261133551, ,
84,-0.268959813379297, ,
85,-0.1744850924678758, ,
86,-0.22063207518635863, ,
87,-0.13452237568662895, ,
88,-0.7366580903515114, ,
89,-0.5283688747836095, ,
90,0.043287514809890126, ,
91,0.030112770117739274, ,
92,0.28211737513902335, ,
93,0.17167532315397693, ,
94,0.24491411192730084, ,
95,0.13482890414934445, ,
96,0.13284554944175397, ,
97,0.0650086085743169, ,
98,0.041632932852735394, ,
99,0.01795086618426467, ,
100,-0.006431274507121998, ,
101,-9.005396184420533E-4, ,
102,-0.021527193946667467, ,
103,-0.00303596206435941, ,
104,-0.019949382636468727, ,
105,3.349276564676984E-4, ,
106,-0.013354015445202094, ,
107,0.0032353538276765903, ,
108,-0.007320160515291718, ,
109,0.00405322423648613, ,
110,-0.003374499583742363, ,
111,0.00330614020754183, ,
112,-0.0012381526566969114, ,
113,0.0019781453377163416, ,
114,-2.1674809613614343E-4, ,
115,7.694339060435595E-4, ,
116,2.344535196243669E-4, ,
117,-3.344017477502348E-5, ,
118,4.1681502989376895E-4, ,
119,-4.276325707905926E-4, ,
120,4.6503453177138E-4, ,
121,-5.311637837621674E-4, ,
122,4.361927190075221E-4, ,
123,-4.750362577397027E-4, ,
124,3.620292184223217E-4, ,
125,-3.5689309288500226E-4, ,
126,2.6777811785905214E-4, ,
127,-2.338916492590215E-4, ,
128,1.7414534977433505E-4, ,
129,-1.32149956698413E-4, ,
130,9.510329687145713E-5, ,
131,-5.899064990444458E-5, ,
132,3.706882739606954E-5, ,
133,-1.2388703453325434E-5, ,
134,2.431379471090622E-7, ,
135,1.3262040283734677E-5, ,
136,-1.8971780491483514E-5, ,
137,2.4159753820640617E-5, ,
138,-2.5641495312811458E-5, ,
139,2.57634540048457E-5, ,
140,-2.4665095679665683E-5, ,
141,2.232509496025159E-5, ,
142,-1.9934367173846113E-5, ,
143,1.6840288481034804E-5, ,
144,-1.4103036164669902E-5, ,
145,1.1196178320460604E-5, ,
146,-8.713466058907215E-6, ,
147,6.404246732927277E-6, ,
148,-4.471722149901325E-6, ,
149,2.853016667359043E-6, ,
150,-1.5387531675514765E-6, ,
151,5.393858373281546E-7, ,
152,2.2709264158038422E-7, ,
153,-0.6244484166422808, ,
154,-0.46161999741343607, ,
155,0.07179621401769509, ,
156,0.05161250112041671, ,
157,0.26893056449875985, ,
158,0.1744839786265402, ,
159,0.22064824705057617, ,
160,0.13448973698245936, ,
161,0.7366954916947179, ,
162,0.5283258506162838, ,
163,-0.6676930074922893, ,
164,-0.49177494153036605, ,
165,-0.2102823921147774, ,
166,-0.12009739889595039, ,
167,0.02404646381614839, ,
168,0.0396301669368313, ,
169,0.08782307945989487, ,
170,0.06946535646875418, ,
171,0.0706268467283735, ,
172,0.04874546643395661, ,
173,0.03498903440640788, ,
174,0.022354612810886465, ,
175,0.008380597387485977, ,
176,0.0058101388387967745, ,
177,-0.004287680625566281, ,
178,-6.970730701141292E-4, ,
179,-0.0072257011188412434, ,
180,-0.0015524286234267493, ,
181,-0.005751218296609295, ,
182,-5.527815167170047E-4, ,
183,-0.003338840107062424, ,
184,3.673207486372121E-4, ,
185,-0.001471003042297525, ,
186,6.954044927169889E-4, ,
187,-4.136445159019786E-4, ,
188,5.788523021692527E-4, ,
189,4.773832984028559E-5, ,
190,2.990563150433445E-4, ,
191,1.8943828831652354E-4, ,
192,4.84311153741146E-5, ,
193,1.997748054236581E-4, ,
194,-1.009415282169357E-4, ,
195,1.7113996204898285E-4, ,
196,-1.5445916551470873E-4, ,
197,1.366105432225595E-4, ,
198,-1.4668487506241945E-4, ,
199,1.0383751259723795E-4, ,
200,-1.1173413054166303E-4, ,
201,-0.6243739160254336, ,
202,-1.7105887005513978, ,
203,-0.8513975277855934, ,
204,0.19516680244350937, ,
205,0.37217957622624454, ,
206,0.7123303558569205, ,
207,-1.3037188253024397, ,
208,-2.057973127155037, ,
209,-1.575519779526985, ,
210,-2.206950092317811, ,
211,-2.0426386787382853, ,
212,-2.4241568985262347, ,
213,0.10227706499267697, ,
214,2.4190362512615593, ,
215,2.5650151956089076, ,
216,2.905881989980003, ,
217,2.1855974812974637, ,
218,1.8382243795414297, ,
219,1.1256773661775696, ,
220,0.7370685538057842, ,
221,0.32367255479141477, ,
222,0.08537363196228398, ,
223,-0.05159153240822434, ,
224,-0.15655979064001713, ,
225,-0.13498995897009536, ,
226,-0.17196132493631922, ,
227,-0.09444421846978912, ,
228,-0.11105627422000452, ,
229,-1.2839500944787687, ,
230,-1.598827283314563, ,
231,-0.3152041100209999, ,
232,0.15989196974771858, ,
233,0.6056838802978746, ,
234,0.6178363013165153, ,
235,0.006333051011893076, ,
236,-0.5929700014065702, ,
237,-1.8953327382580483, ,
238,-2.2618749689949027, ,
239,-1.5092058218260718, ,
240,-1.3571921605121133, ,
241,0.5204303540328965, ,
242,1.6566665173240835, ,
243,-0.021927973922856836, ,
244,-0.747343085640523, ,
245,-1.1332518618796712, ,
246,0.08206452701665512, ,
247,2.444831102574085, ,
248,2.141465350848989, ,
249,1.9075601129896995, ,
250,1.3752976751715096, ,
251,1.5494067865486159, ,
252,1.0290655624820602, ,
253,0.14772992882717517, ,
254,0.04290316114600046, ,
255,-0.37118164701951173, ,
256,-0.25036802043098305, ,
257,-0.3892778638867185, ,
258,-0.21893301458374026, ,
259,-0.2384326640776635, ,
260,-0.11009807508298763, ,

 ************, GATI FFT  : ,************ , , Removed 
0,59423.07593856111
1,3158.429682992072
2,2414.7681200728452
3,1774.6831911484894
4,1430.937816701762
5,1407.4212475209192
6,1459.2931280553237
7,1328.866100788138
8,1140.0560839402806
9,1066.7653357373908
10,1102.0195575591913
11,1160.5551575937857
12,1135.9389969907493
13,1033.0506218600285
14,944.736586587227
15,882.2155457433568
16,848.1008179981483
17,799.4035964415706
18,704.1464732508325
19,610.1849324812774
20,527.274305556151
21,480.05281710467574
22,448.20462054626256
23,388.1447687243334
24,327.60944976834065
25,262.0346930346295
26,208.32972860848977
27,178.1605469300416
28,130.53889491566994
29,86.23097059670319
30,49.07324851460637
31,30.07078367741172
32,42.72141825661336
33,74.80270937249534
34,112.92046908281533
35,147.16527055069056
36,179.0056360726076
37,194.08094032607062
38,202.80462121254482
39,214.21446492016054
40,222.42190251872535
41,221.4524574755905
42,212.79813220531304
43,210.8899601488336
44,210.55403851987532
45,212.48849560931677
46,209.43917955825438
47,196.23862453849154
48,196.4822180493765
49,189.9131380394732
50,172.4671835226654
51,162.40853818104745
52,144.19259561318196
53,136.16211375900946
54,130.54661655385547
55,110.54451986600094
56,97.2534878179679
57,89.38110185784036
58,87.02714646820361
59,88.48609358675643
60,89.00475685082112
61,82.37164665153328
62,77.58837078911105
63,90.97964401388177
64,101.1025297697464
65,108.27121047078828
66,110.54119154622957
67,103.96468093028213
68,108.05559349477552
69,113.7781231166483
70,113.05865067217924
71,111.66788021520851
72,105.76690616206994
73,96.61548924212082
74,89.36155279901749
75,86.01723144821985
76,81.37662705067196
77,75.63057482569127
78,67.68225410449529
79,58.01246957020774
80,54.81977853998668
81,54.443874545705675
82,54.665837170456626
83,56.73096906711764
84,64.99913001244484
85,66.73461912426856
86,64.73296021752297
87,74.05017071436741
88,78.04020876456728
89,85.09049942512544
90,91.88261572807444
91,86.98971328388886
92,90.84509945111536
93,93.86281592806279
94,93.76331323054843
95,98.32004266881437
96,94.98728386678346
97,91.2778332168516
98,89.9388681271896
99,85.96420813994466
100,81.68591522559862
101,76.11322942376816
102,72.85655611906002
103,69.66593491293497
104,65.65850543490465
105,60.14978940088023
106,55.64975386051372
107,58.88483255016412
108,63.730783310241335
109,65.72633656439821
110,67.10232213199116
111,69.559857967186
112,70.43242275854799
113,73.4157816138953
114,79.0974910402006
115,80.0138143016124
116,79.5295047101045
117,76.82729630195945
118,75.39408349690515
119,81.02958895668287
120,82.12124620124997
121,78.8702379813269
122,75.12516249724122
123,71.86449930630796
124,71.41051535051047
125,68.69309172288048
126,63.687267389606866
127,56.33638579514328
128,51.2903657059975
129,48.13401880484652
130,44.95121049198949
131,46.67024797391758
132,43.34095501805269
133,43.084579233161605
134,46.264749569603886
135,47.83747523027924
136,54.62281059844178
137,59.120323957192525
138,65.2227884072982
139,70.79376802744333
140,72.52002011519129
141,77.947410797649
142,82.99972316764321
143,86.70171882689452
144,89.97717211424485
145,90.73677233026433
146,92.95588517400518
147,0.0
148,0.0
149,0.0
150,0.0
151,0.0
152,0.0
153,0.0
154,0.0
155,0.0
156,0.0
157,0.0
158,0.0
159,0.0
160,0.0
161,0.0
162,0.0
163,0.0
164,0.0
165,0.0
166,0.0
167,0.0
168,0.0
169,0.0
170,0.0
171,0.0
172,0.0
173,0.0
174,0.0
175,0.0
176,0.0
177,0.0
178,0.0
179,0.0
180,0.0
181,0.0
182,0.0
183,0.0
184,0.0
185,0.0
186,0.0
187,0.0
188,0.0
189,0.0
190,0.0
191,0.0
192,0.0
193,0.0
194,0.0
195,0.0
196,0.0
197,0.0
198,0.0
199,0.0
200,0.0
201,0.0
202,0.0
203,0.0
204,0.0
205,0.0
206,0.0
207,0.0
208,0.0
209,0.0
210,0.0
211,0.0
212,0.0
213,0.0
214,0.0
215,0.0
216,0.0
217,0.0
218,0.0
219,0.0
220,0.0
221,0.0
222,0.0
223,0.0
224,0.0
225,0.0
226,0.0
227,0.0
228,0.0
229,0.0
230,0.0
231,0.0
232,0.0
233,0.0
234,0.0
235,0.0
236,0.0
237,0.0
238,0.0
239,0.0
240,0.0
241,0.0
242,0.0
243,0.0
244,0.0
245,0.0
246,0.0
247,0.0
248,0.0
249,0.0
250,0.0
251,0.0
252,0.0
253,0.0
254,0.0
255,0.0
256,0.0
257,0.0
258,0.0
259,0.0
260,0.0
261,0.0
262,0.0
263,0.0
264,0.0
265,0.0
266,0.0
267,0.0
268,0.0
269,0.0
270,0.0
271,0.0
272,0.0
273,0.0
274,0.0
275,0.0
276,0.0
277,0.0
278,0.0
279,0.0
280,0.0
281,0.0
282,0.0
283,0.0
284,0.0
285,0.0
286,0.0
287,0.0
288,0.0
289,0.0
290,0.0
291,0.0
292,0.0
293,0.0
