**** , USER DATA ,****,
, Device Info, 
-------------------------------------
Model :SM-A505F
Device: a50
Manufacturer: samsung
Board: exynos9610
Brand: samsung
SDK or OS  : 30
versionRelease: 11
VERSION_CODE: 5
VERSION_NAME: 1.0
-------------------------------------

 Unique file Id,48482, 
 Front Face,true, 
 Sampling Rate  : 8,

Id provided by Hospital or Entered manually or Randomly generated, 
20220111_125713-SM-A505F-17, 

 ************, User Manual Data : ,************ ,  

Gender,Female,
height,160,
weight,70,
Age,29,
BPsystolic(Manual),99,
BPdiastolic(Manual),80,
heartrate(Manual),70,
Medication,0,
Place ,,

 ************ , Advance Settings ,************ , 

 ************, 
 {hsvMin=60.0, hsvMax=340.0, saturationMin=0.4, saturationMax=1.0, brightnessMin=0.0, brightnessMax=1.0} ,************ ,  

 
  ************, Calculated : ,************

BMI,27,
BMR,1627,
BPsystolic,109,
BPdiastolic,74,
Heartrate,96,
Respirationrate,12,
Rythm,Pitta/Kapha(Reg),
Kathinya,256,
Kapha,50.00  %,
Vata,16.67  %,
Pitta,33.33  %,
Tala Result,0.0012704197741219088,
Variance Of Heart Rate,0.5476347390749633,
BSA,1.7318886979699173,
ET,252.57,
SV,43.45080339798466,
PP,26.65693459999059,
MPP,83.25,

 ************, KPV2 ,************
K2 , 39.91  %P2 , 32.29  %V2 , 27.80  %
PPG,


Colors Code , RED , GREEN , BLUE , H, S, V , GOOD SIGNAL HSV AVG ( per sec)  , <.1
0,47.0,0.0,0.0,9.827586,0.7631579,0.59607846,163.5,0.0
1,110.0,16.0,9.0,9.913043,0.7565789,0.59607846,166.75,0.0
2,158.0,57.0,37.0,10.344828,0.75816995,0.6,167.5
3,161.0,62.0,38.0,10.344828,0.7532467,0.6039216,168.0
4,163.0,65.0,40.0,9.827586,0.75816995,0.6,167.125
5,166.0,65.0,38.0,10.256411,0.7647059,0.6,165.625
6,168.0,68.0,40.0,10.256411,0.75974023,0.6039216,165.625
7,168.0,69.0,42.0,10.677966,0.7612903,0.60784316,164.0
8,167.0,69.0,41.0,10.769231,0.7548387,0.60784316,163.25
9,166.0,68.0,41.0,10.769231,0.75974023,0.6039216,163.25
10,166.0,68.0,41.0,10.256411,0.7647059,0.6,162.5
11,167.0,69.0,42.0,9.827586,0.75816995,0.6,161.75
12,168.0,70.0,42.0,10.344828,0.75816995,0.6,157.75
13,167.0,70.0,43.0,10.344828,0.75816995,0.6,154.875
14,166.0,70.0,42.0,10.344828,0.7631579,0.59607846,156.125
15,167.0,70.0,43.0,9.391304,0.76666665,0.5882353,156.625
16,167.0,71.0,43.0,9.391304,0.76666665,0.5882353,156.0
17,168.0,73.0,44.0,9.391304,0.76666665,0.5882353,154.75
18,168.0,74.0,45.0,9.391304,0.76666665,0.5882353,154.25
19,167.0,72.0,44.0,9.391304,0.7718121,0.58431375,154.75
20,167.0,71.0,43.0,9.026548,0.76870745,0.5764706,155.25
21,167.0,71.0,44.0,8.947369,0.7702703,0.5803922,154.25
22,168.0,73.0,44.0,9.391304,0.7718121,0.58431375,153.375
23,168.0,73.0,45.0,9.391304,0.76666665,0.5882353,154.625
24,167.0,71.0,43.0,9.827586,0.7682119,0.5921569,153.0
25,167.0,72.0,44.0,9.391304,0.7718121,0.58431375,152.5
26,168.0,73.0,45.0,9.310345,0.7733333,0.5882353,151.125
27,169.0,75.0,46.0,9.391304,0.76666665,0.5882353,151.375
28,169.0,75.0,46.0,9.391304,0.76666665,0.5882353,152.5
29,167.0,73.0,45.0,9.827586,0.7682119,0.5921569,151.75
30,167.0,73.0,45.0,9.310345,0.7733333,0.5882353,152.5
31,168.0,74.0,45.0,8.869565,0.76666665,0.5882353,152.0
32,169.0,75.0,46.0,9.391304,0.76666665,0.5882353,153.875
33,169.0,75.0,46.0,151.375
34,167.0,72.0,44.0,149.125
35,167.0,72.0,44.0,112.625
36,167.0,72.0,44.0
37,168.0,72.0,44.0
38,168.0,72.0,44.0
39,166.0,69.0,43.0
40,165.0,68.0,42.0
41,166.0,68.0,42.0
42,166.0,69.0,43.0
43,166.0,69.0,43.0
44,165.0,66.0,41.0
45,165.0,66.0,40.0
46,165.0,66.0,41.0
47,166.0,68.0,42.0
48,166.0,68.0,42.0
49,165.0,66.0,40.0
50,166.0,66.0,41.0
51,166.0,67.0,41.0
52,167.0,69.0,42.0
53,166.0,68.0,42.0
54,165.0,65.0,40.0
55,165.0,65.0,40.0
56,165.0,66.0,40.0
57,166.0,67.0,41.0
58,165.0,66.0,41.0
59,163.0,63.0,39.0
60,164.0,63.0,39.0
61,164.0,64.0,40.0
62,165.0,65.0,40.0
63,163.0,64.0,40.0
64,162.0,62.0,39.0
65,163.0,62.0,39.0
66,163.0,63.0,39.0
67,163.0,64.0,40.0
68,163.0,63.0,39.0
69,162.0,62.0,39.0
70,163.0,63.0,40.0
71,164.0,65.0,40.0
72,165.0,67.0,41.0
73,164.0,65.0,40.0
74,163.0,63.0,40.0
75,163.0,64.0,40.0
76,164.0,65.0,41.0
77,165.0,67.0,42.0
78,163.0,65.0,41.0
79,162.0,63.0,39.0
80,162.0,63.0,40.0
81,162.0,64.0,40.0
82,164.0,65.0,41.0
83,163.0,63.0,40.0
84,161.0,61.0,39.0
85,162.0,62.0,39.0
86,163.0,64.0,40.0
87,163.0,65.0,41.0
88,162.0,62.0,39.0
89,162.0,62.0,39.0
90,162.0,63.0,40.0
91,163.0,64.0,40.0
92,162.0,62.0,39.0
93,161.0,60.0,38.0
94,161.0,61.0,39.0
95,161.0,64.0,41.0
96,162.0,63.0,40.0
97,160.0,59.0,37.0
98,159.0,58.0,37.0
99,158.0,60.0,39.0
100,158.0,61.0,39.0
101,158.0,61.0,39.0
102,156.0,59.0,38.0
103,156.0,59.0,39.0
104,157.0,60.0,39.0
105,157.0,61.0,39.0
106,155.0,59.0,38.0
107,154.0,58.0,37.0
108,155.0,58.0,38.0
109,155.0,59.0,38.0
110,155.0,59.0,38.0
111,154.0,57.0,37.0
112,154.0,58.0,38.0
113,155.0,58.0,38.0
114,156.0,60.0,39.0
115,156.0,60.0,39.0
116,155.0,59.0,38.0
117,156.0,60.0,39.0
118,157.0,61.0,39.0
119,157.0,62.0,40.0
120,157.0,61.0,40.0
121,156.0,60.0,39.0
122,156.0,61.0,39.0
123,157.0,62.0,40.0
124,158.0,63.0,41.0
125,156.0,61.0,39.0
126,156.0,60.0,39.0
127,157.0,61.0,39.0
128,157.0,61.0,39.0
129,157.0,62.0,40.0
130,156.0,60.0,38.0
131,156.0,59.0,38.0
132,156.0,60.0,39.0
133,157.0,61.0,39.0
134,156.0,60.0,39.0
135,155.0,58.0,38.0
136,155.0,58.0,38.0
137,156.0,59.0,38.0
138,156.0,60.0,39.0
139,155.0,58.0,38.0
140,154.0,57.0,37.0
141,154.0,57.0,37.0
142,155.0,58.0,37.0
143,155.0,58.0,38.0
144,153.0,56.0,37.0
145,153.0,56.0,36.0
146,154.0,56.0,37.0
147,155.0,57.0,37.0
148,155.0,57.0,37.0
149,153.0,55.0,36.0
150,154.0,56.0,36.0
151,155.0,57.0,37.0
152,155.0,58.0,37.0
153,155.0,58.0,37.0
154,154.0,56.0,36.0
155,154.0,57.0,36.0
156,155.0,57.0,37.0
157,156.0,58.0,37.0
158,155.0,58.0,37.0
159,154.0,57.0,36.0
160,155.0,58.0,37.0
161,156.0,59.0,38.0
162,157.0,60.0,38.0
163,155.0,58.0,37.0
164,154.0,57.0,36.0
165,155.0,57.0,37.0
166,155.0,58.0,37.0
167,156.0,59.0,38.0
168,154.0,57.0,37.0
169,154.0,56.0,36.0
170,154.0,57.0,37.0
171,155.0,58.0,37.0
172,155.0,58.0,37.0
173,154.0,57.0,36.0
174,154.0,56.0,36.0
175,154.0,56.0,36.0
176,154.0,57.0,36.0
177,154.0,57.0,37.0
178,153.0,55.0,36.0
179,153.0,55.0,35.0
180,153.0,55.0,35.0
181,154.0,56.0,36.0
182,154.0,57.0,36.0
183,153.0,55.0,35.0
184,153.0,55.0,35.0
185,154.0,55.0,36.0
186,155.0,57.0,36.0
187,155.0,57.0,36.0
188,154.0,55.0,35.0
189,154.0,55.0,35.0
190,155.0,56.0,36.0
191,155.0,57.0,36.0
192,155.0,57.0,36.0
193,153.0,54.0,35.0
194,153.0,54.0,35.0
195,153.0,55.0,36.0
196,154.0,56.0,36.0
197,154.0,56.0,36.0
198,152.0,54.0,35.0
199,152.0,54.0,35.0
200,153.0,54.0,35.0
201,153.0,55.0,36.0
202,154.0,56.0,36.0
203,152.0,54.0,35.0
204,152.0,54.0,35.0
205,152.0,54.0,36.0
206,153.0,55.0,36.0
207,153.0,55.0,36.0
208,151.0,53.0,35.0
209,151.0,53.0,35.0
210,152.0,54.0,36.0
211,152.0,55.0,36.0
212,151.0,54.0,36.0
213,150.0,52.0,35.0
214,150.0,53.0,35.0
215,151.0,53.0,35.0
216,152.0,55.0,36.0
217,152.0,55.0,36.0
218,151.0,53.0,35.0
219,151.0,53.0,35.0
220,151.0,54.0,35.0
221,152.0,54.0,36.0
222,152.0,55.0,36.0
223,151.0,53.0,35.0
224,151.0,53.0,35.0
225,152.0,54.0,35.0
226,153.0,55.0,36.0
227,154.0,56.0,36.0
228,152.0,54.0,35.0
229,152.0,54.0,35.0
230,152.0,54.0,35.0
231,153.0,55.0,35.0
232,152.0,54.0,35.0
233,151.0,53.0,34.0
234,151.0,53.0,34.0
235,151.0,53.0,34.0
236,152.0,54.0,35.0
237,153.0,55.0,36.0
238,152.0,54.0,35.0
239,152.0,54.0,35.0
240,152.0,54.0,35.0
241,153.0,55.0,36.0
242,153.0,56.0,36.0
243,152.0,54.0,35.0
244,152.0,54.0,35.0
245,153.0,55.0,35.0
246,153.0,56.0,36.0
247,153.0,56.0,36.0
248,151.0,54.0,35.0
249,151.0,53.0,35.0
250,151.0,54.0,35.0
251,152.0,55.0,36.0
252,153.0,57.0,37.0
253,152.0,56.0,37.0
254,152.0,55.0,36.0
255,152.0,56.0,37.0
256,153.0,57.0,37.0
257,154.0,58.0,38.0
258,153.0,56.0,37.0
259,153.0,56.0,36.0
260,154.0,57.0,37.0
261,155.0,58.0,37.0
262,155.0,59.0,38.0
263,154.0,58.0,37.0
264,153.0,56.0,36.0
265,153.0,56.0,37.0
266,153.0,57.0,37.0
267,153.0,57.0,37.0
268,152.0,56.0,36.0
269,150.0,53.0,35.0
270,150.0,53.0,35.0
271,150.0,53.0,35.0
272,150.0,53.0,35.0
273,149.0,52.0,34.0
274,147.0,51.0,34.0
275,148.0,51.0,34.0
276,149.0,52.0,34.0
277,150.0,53.0,35.0
278,151.0,54.0,35.0
279,149.0,52.0,34.0
280,150.0,52.0,34.0
281,150.0,53.0,35.0
282,150.0,53.0,35.0
283,151.0,54.0,35.0
284,150.0,52.0,34.0
285,150.0,52.0,35.0
286,150.0,53.0,35.0

 ************, After Bandpass: ,************
central frequency  ,2.25 
Width frequency  , 3.16 

 ************, PPG Signal : ,************ , , Removed 
0,0.7275181721975059, ,,-47.0
1,-1.4606172758637967, ,,-110.0
2,-1.011564868579967, ,,-158.0
3,-0.165284361507247, ,,-161.0
4,0.4062493384060417, ,,-163.0
5,0.8260796514820186, ,,-166.0
6,-1.266010642383094, ,,-168.0
7,-1.175189670483519, ,,-168.0
8,0.10511654311767415, ,,-167.0
9,0.7625117557796557, ,,103.65831347709168
10,0.30841470575887797, ,,76.62910153643415
11,-0.03342309422703238, ,,-11.293936587312984
12,-0.2557810809573766, ,,-7.481380940606755
13,0.3816535984967686, ,,-44.87732047198938
14,0.7487585000583294, ,,-30.17360797677668
15,0.830579488968965, ,,-36.71371820110198
16,-0.5227780067320964, ,,-22.18351473561802
17,0.3240406430124949, ,,-18.15521840309475
18,0.3802478061304555, ,,-10.574587116205635
19,0.498845983824026, ,,-5.556533233663799
20,-0.10868339446017217, ,,-4.073369903681282
21,-1.400988465671162, ,,1.9162102237839918
22,-0.4813766338015739, ,,0.03555312514686193
23,-0.3425854070662808, ,,4.507764837537707
24,0.7354096120380973, ,,-0.6021678050029777
25,-0.05081466416572766, ,,3.0122725619752373
26,-1.5326888473779263, ,,0.20887109169973428
27,-0.0774970735928946, ,,3.228999842827079
28,0.57078482498639, ,,-0.10584775784775502
29,0.8977304173604352, ,,-0.1618307959284948
30,-0.2689605776747612, ,,-1.735178430555834
31,-1.377740871022752, ,,0.8653845413316503
32,0.5495418517799635, ,,0.4291685733475106
33,0.4903501837591193, ,
34,0.44589367307287375, ,
35,0.3821863646376187, ,
36,-0.41632150800137424, ,
37,0.36704617117516136, ,
38,1.1873055043649856, ,
39,1.1460953760024495, ,
40,-0.07025432030741285, ,
41,-1.2817260483147948, ,
42,-0.7314267411734363, ,
43,0.22323193194881696, ,
44,0.9384357741809026, ,
45,-0.8126244382007144, ,
46,-1.58955658436264, ,
47,-0.46455210570707095, ,
48,-0.1633184399217953, ,
49,1.5924209252930268, ,
50,0.6194400001454596, ,
51,-1.3986403567502066, ,
52,-0.00770938091568496, ,
53,1.0434785079688709, ,
54,0.5968907116047149, ,
55,-0.3521663140259079, ,
56,-0.41614032205313833, ,
57,-0.00499075547963912, ,
58,0.5338275142231623, ,
59,-0.04307795305271611, ,
60,-1.1227148808243328, ,
61,-0.3277767202580435, ,
62,-0.09060119767843844, ,
63,0.8345352650813993, ,
64,-0.5256056010974817, ,
65,-1.339931816668468, ,
66,-0.7301055470846904, ,
67,-0.38239999883978726, ,
68,0.6480549127743416, ,
69,-0.7420709921366324, ,
70,-0.10298302522915037, ,
71,1.3102914150224478, ,
72,1.0972690300189925, ,
73,-0.4632459324420779, ,
74,-1.0349322880050522, ,
75,0.6009641697769439, ,
76,0.7499326053405184, ,
77,0.5414939516979302, ,
78,-0.11826568956576011, ,
79,-0.17959421806904174, ,
80,0.9208875528928502, ,
81,1.2148892007601262, ,
82,0.7062059399746659, ,
83,-0.5936576322787914, ,
84,0.037560505466899485, ,
85,0.8074741949525333, ,
86,0.12142279998863614, ,
87,-0.17220210685911752, ,
88,-1.0147995227320052, ,
89,-0.853617734131376, ,
90,0.3141421786324372, ,
91,0.8475234570846624, ,
92,-0.8075244022297738, ,
93,-1.0078829818021404, ,
94,0.5939921757750426, ,
95,0.22398023925006783, ,
96,0.1852176890965893, ,
97,-0.603552455863337, ,
98,-0.481948828366626, ,
99,0.027865197014534715, ,
100,0.5942836812513406, ,
101,0.06997710330745122, ,
102,-1.0580446214197536, ,
103,-0.23030000612777712, ,
104,0.5644768407516949, ,
105,0.7299510687594193, ,
106,-0.4334808246783268, ,
107,-0.8313935381264628, ,
108,-0.4073953834633812, ,
109,0.7556838537310568, ,
110,0.7087754067622427, ,
111,-0.9519691775312822, ,
112,-0.6316871468677618, ,
113,0.7775538048226736, ,
114,1.2477777416706886, ,
115,0.8317357647852077, ,
116,-1.0496706538503986, ,
117,-0.2730472876583008, ,
118,1.0198055121711604, ,
119,0.26479148169096334, ,
120,0.17137258810635103, ,
121,-0.8078446751758293, ,
122,-0.6082237327944995, ,
123,0.4476696470214847, ,
124,0.9601289717711552, ,
125,-0.12809539873205722, ,
126,-1.1485839887362772, ,
127,0.07148411468892846, ,
128,0.850086138577808, ,
129,1.0508274312751382, ,
130,-0.7706356970045363, ,
131,-1.739950719147373, ,
132,0.006759954431117876, ,
133,0.13551833935594004, ,
134,0.7433486370073297, ,
135,-0.6082634438860168, ,
136,-0.9039592604294739, ,
137,0.21837460263009234, ,
138,0.49316754020571807, ,
139,0.8897384624722235, ,
140,-0.5722516604971588, ,
141,-0.1823647682479077, ,
142,-0.059080720447013846, ,
143,0.039738482990969715, ,
144,0.1356429645559274, ,
145,-0.5502539080983979, ,
146,-0.30781831535477977, ,
147,0.10824142539343029, ,
148,0.7854267624866225, ,
149,0.7259230224677822, ,
150,-0.46017482535125964, ,
151,-0.31812718388857775, ,
152,0.591188920922491, ,
153,1.0476631620340413, ,
154,0.5170673359729108, ,
155,-0.6996888886390025, ,
156,-0.6479161477382149, ,
157,0.2964513552335575, ,
158,0.20548250695560455, ,
159,-0.1406498020548952, ,
160,-1.332221355096408, ,
161,-1.151668931109839, ,
162,0.019379044415700264, ,
163,0.561911962211525, ,
164,0.9210670119603037, ,
165,-1.0508919057706407, ,
166,-0.563349010245588, ,
167,0.7489517675450088, ,
168,0.6115600506431065, ,
169,1.0121008939809144, ,
170,-0.5631163332582219, ,
171,-0.8763189771982525, ,
172,0.09600458997306305, ,
173,0.45272148698768433, ,
174,0.7530549761497696, ,
175,-1.2266660040979787, ,
176,-0.7387803647843612, ,
177,0.6331865579204532, ,
178,0.5031544690664305, ,
179,-0.2797125555821367, ,
180,-0.9087014445990462, ,
181,-0.26922109666520555, ,
182,0.7399189588661557, ,
183,1.4184665734109103, ,
184,0.7624092926041612, ,
185,-0.3698710944255481, ,
186,-0.4946812817870523, ,
187,-0.13682368236618458, ,
188,0.41652046663398323, ,
189,0.46975172724251024, ,
190,-0.7393206880344678, ,
191,-0.4579940935918785, ,
192,0.44941263763178085, ,
193,1.0098519620798925, ,
194,1.0962398990361635, ,
195,-0.8490215308659117, ,
196,-1.1810333698165323, ,
197,-0.28250135081611916, ,
198,0.1638335905687427, ,
199,-0.11860868347639553, ,
200,-1.2245845302802536, ,
201,-0.3064506400812661, ,
202,-0.06654406247571387, ,
203,0.8718724956368078, ,
204,1.4061309286976211, ,
205,0.06369663949794813, ,
206,-0.26913398961733037, ,
207,-0.07839239612133042, ,
208,0.42920683744546295, ,
209,0.3784728708063767, ,
210,-0.7857084941629182, ,
211,-0.5662249919573696, ,
212,0.4143516135555956, ,
213,0.30977531910843936, ,
214,6.322840206394176E-4, ,
215,-1.2782638127166592, ,
216,-1.0506211498519633, ,
217,0.022761882708437042, ,
218,0.6189793181129062, ,
219,1.5221081117813355, ,
220,0.06314950988075907, ,
221,-0.20221232575056547, ,
222,0.01404467485576788, ,
223,0.43133610113125087, ,
224,1.108273195306083, ,
225,-0.3673405192004111, ,
226,-0.549543552843943, ,
227,0.3017572460904603, ,
228,0.7309889821369779, ,
229,0.23002868497701456, ,
230,-0.900899962496851, ,
231,-1.4435496931430407, ,
232,-0.8626745673045662, ,
233,-0.2545619390233469, ,
234,-0.013646244962842502, ,
235,-0.4028027650443846, ,
236,-1.4650779924064636, ,
237,-0.577168408555508, ,
238,0.4136970188549185, ,
239,0.5454194657253311, ,
240,0.20604014859998188, ,
241,-1.0735846705889571, ,
242,0.3879015577552991, ,
243,1.6670712467508793, ,
244,1.6779882705217233, ,
245,1.8187332812011618, ,
246,-0.5413397009646133, ,
247,-0.2789085414715373, ,
248,0.23969191443677573, ,
249,-0.5066444880997096, ,
250,0.5791579770726685, ,
251,-0.5650985635913912, ,
252,-0.6179982552465617, ,
253,-0.19515242419879542, ,

 ************, GATI FFT  : ,************ , , Removed 
0,45002.00000201773
1,915.0847768089266
2,541.2335878340111
3,282.21173192835374
4,317.5850463991763
5,341.0493045300255
6,214.55940968668003
7,201.39226565995648
8,279.9856570724689
9,134.0628452472247
10,171.27823311041104
11,157.07987115291277
12,141.95536420018536
13,188.54408128211267
14,180.62735310392898
15,163.97394508892802
16,191.98800164793298
17,186.2048499786304
18,183.12232030485026
19,176.4890422051933
20,172.1467651162506
21,176.14352709747354
22,183.40976313436983
23,165.87927641316725
24,162.66244067837056
25,161.35216220014098
26,176.8011513069355
27,158.88054080454563
28,159.6586291603491
29,153.19274070900295
30,153.00857889674384
31,161.73840475220186
32,150.1547193909249
33,136.88637009986348
34,142.91769787937437
35,145.34995472699862
36,146.30288238632966
37,151.0335868136424
38,151.1334394771966
39,147.26816537913942
40,147.25405767343807
41,134.1133875816394
42,140.52654886491754
43,145.61904214683105
44,138.657808635865
45,131.230031761974
46,137.99599106278276
47,136.8821736193276
48,126.98446725183925
49,138.84192665823463
50,136.5743310319373
51,130.34737396258973
52,122.27184308926594
53,111.63368110774742
54,129.9464419103186
55,119.6131693555546
56,102.56786661666939
57,92.6641380709961
58,169.522451050078
59,162.4232335103011
60,113.24807632460701
61,126.66659245918292
62,138.72427733741713
63,108.78291839658313
64,127.62363074327241
65,130.81479734649835
66,114.3799644542368
67,122.80752170818357
68,125.77376554751146
69,120.01927737888701
70,120.12485869503642
71,109.10567584185117
72,119.62010268962763
73,119.0717638331264
74,107.81770920283083
75,104.09441414011867
76,106.12760458934832
77,106.23489004477021
78,114.40656283002409
79,107.97538413460357
80,104.50016453653056
81,109.52422284777948
82,105.04468307435165
83,106.68036125354683
84,100.6058598293666
85,102.90779850038903
86,96.17786382423824
87,106.51796020770729
88,96.60840809343647
89,101.64460827099194
90,96.73426636231346
91,90.4676100746164
92,96.94592428501792
93,90.4701711071785
94,94.01558341213754
95,91.00382572964696
96,91.57363021103792
97,82.53029453972711
98,85.13577357905531
99,89.15512670544908
100,89.52545653257337
101,78.88425062998306
102,86.84650646509904
103,88.54976978218936
104,85.48927881493924
105,74.25799447513147
106,87.812713872794
107,83.85132575935002
108,83.6031210144154
109,86.51431587643185
110,88.23589409417914
111,78.70356092354247
112,80.4424123053205
113,80.63206122151139
114,63.924656912847624
115,57.80571603361754
116,76.81318220065657
117,73.87729064309846
118,75.61126998676556
119,67.9056121400883
120,59.7575074030107
121,70.16267414934156
122,61.85031281503009
123,66.33410758566201
124,66.0106813759946
125,64.51323258932717
126,67.14694486928418
127,65.7966083668132
128,64.98916061533932
129,60.34810265615587
130,63.62492602179976
131,62.04099324667822
132,57.88692718990276
133,62.411895562922936
134,57.83835084267541
135,62.215374277888834
136,60.20075260471197
137,68.43901406830284
138,55.630619105993745
139,54.970727287056285
140,65.24554902808939
141,64.21848471484672
142,61.93281493571317
143,56.71402549530622
144,0.0
145,0.0
146,0.0
147,0.0
148,0.0
149,0.0
150,0.0
151,0.0
152,0.0
153,0.0
154,0.0
155,0.0
156,0.0
157,0.0
158,0.0
159,0.0
160,0.0
161,0.0
162,0.0
163,0.0
164,0.0
165,0.0
166,0.0
167,0.0
168,0.0
169,0.0
170,0.0
171,0.0
172,0.0
173,0.0
174,0.0
175,0.0
176,0.0
177,0.0
178,0.0
179,0.0
180,0.0
181,0.0
182,0.0
183,0.0
184,0.0
185,0.0
186,0.0
187,0.0
188,0.0
189,0.0
190,0.0
191,0.0
192,0.0
193,0.0
194,0.0
195,0.0
196,0.0
197,0.0
198,0.0
199,0.0
200,0.0
201,0.0
202,0.0
203,0.0
204,0.0
205,0.0
206,0.0
207,0.0
208,0.0
209,0.0
210,0.0
211,0.0
212,0.0
213,0.0
214,0.0
215,0.0
216,0.0
217,0.0
218,0.0
219,0.0
220,0.0
221,0.0
222,0.0
223,0.0
224,0.0
225,0.0
226,0.0
227,0.0
228,0.0
229,0.0
230,0.0
231,0.0
232,0.0
233,0.0
234,0.0
235,0.0
236,0.0
237,0.0
238,0.0
239,0.0
240,0.0
241,0.0
242,0.0
243,0.0
244,0.0
245,0.0
246,0.0
247,0.0
248,0.0
249,0.0
250,0.0
251,0.0
252,0.0
253,0.0
254,0.0
255,0.0
256,0.0
257,0.0
258,0.0
259,0.0
260,0.0
261,0.0
262,0.0
263,0.0
264,0.0
265,0.0
266,0.0
267,0.0
268,0.0
269,0.0
270,0.0
271,0.0
272,0.0
273,0.0
274,0.0
275,0.0
276,0.0
277,0.0
278,0.0
279,0.0
280,0.0
281,0.0
282,0.0
283,0.0
284,0.0
285,0.0
286,0.0
