**** , USER DATA ,****,
, Device Info, 
-------------------------------------
Model :SM-A505F
Device: a50
Manufacturer: samsung
Board: exynos9610
Brand: samsung
SDK or OS  : 30
versionRelease: 11
VERSION_CODE: 5
VERSION_NAME: 1.0
-------------------------------------

 Unique file Id,81415, 
 Front Face,true, 
 Sampling Rate  : 9,

Id provided by Hospital or Entered manually or Randomly generated, 
20220111_134931-SM-A505F-26, 

 ************, User Manual Data : ,************ ,  

Gender,Female,
height,160,
weight,70,
Age,29,
BPsystolic(Manual),79,
BPdiastolic(Manual),59,
heartrate(Manual),70,
Medication,0,
Place ,,

 ************ , Advance Settings ,************ , 

 ************, 
 {hsvMin=60.0, hsvMax=340.0, saturationMin=0.4, saturationMax=1.0, brightnessMin=0.0, brightnessMax=1.0} ,************ ,  

 
  ************, Calculated : ,************

BMI,27,
BMR,1627,
BPsystolic,112,
BPdiastolic,73,
Heartrate,89,
Respirationrate,10,
Rythm,Pitta/Kapha(Reg),
Kathinya,237,
Kapha,50.00  %,
Vata,16.67  %,
Pitta,33.33  %,
Tala Result,0.0037584141068197144,
Variance Of Heart Rate,0.3606720570169054,
BSA,1.7318886979699173,
ET,252.57,
SV,47.790803397984654,
PP,28.824368756323675,
MPP,83.25,

 ************, KPV2 ,************
K2 , 44.42  %P2 , 25.89  %V2 , 29.69  %
PPG,


Colors Code , RED , GREEN , BLUE , H, S, V , GOOD SIGNAL HSV AVG ( per sec)  , <.1
0,106.0,130.0,133.0,21.86916,0.652439,0.6431373,106.44444444444444,0.0
1,103.0,121.0,125.0,21.86916,0.652439,0.6431373,87.55555555555556
2,101.0,113.0,118.0,22.135921,0.63580245,0.63529414,180.77777777777777
3,99.0,106.0,109.0,21.764706,0.6296296,0.63529414,185.22222222222223
4,97.0,101.0,104.0,21.764706,0.6296296,0.63529414,187.33333333333334
5,96.0,97.0,101.0,21.980198,0.6273292,0.6313726,187.88888888888889
6,95.0,93.0,98.0,21.764706,0.6296296,0.63529414,187.22222222222223
7,93.0,87.0,90.0,21.764706,0.6296296,0.63529414,188.0
8,88.0,74.0,74.0,21.980198,0.6273292,0.6313726,187.88888888888889
9,80.0,57.0,55.0,21.980198,0.6273292,0.6313726,187.0
10,78.0,48.0,44.0,21.980198,0.6273292,0.6313726,187.44444444444446
11,83.0,50.0,46.0,21.980198,0.6273292,0.6313726,187.11111111111111
12,97.0,61.0,55.0,21.980198,0.6273292,0.6313726,178.44444444444446
13,100.0,61.0,54.0,21.980198,0.6273292,0.6313726,177.0
14,82.0,36.0,28.0,21.428572,0.6125,0.627451,177.66666666666666
15,65.0,5.0,1.0,20.64516,0.5886076,0.61960787,177.0
16,73.0,3.0,0.0,20.666668,0.5732484,0.6156863,173.0
17,88.0,7.0,0.0,19.764706,0.5483871,0.60784316,170.33333333333334
18,122.0,21.0,4.0,19.764706,0.5483871,0.60784316,171.0
19,174.0,63.0,27.0,19.518072,0.5354839,0.60784316,171.0
20,177.0,69.0,30.0,20.487804,0.53246754,0.6039216,170.66666666666666
21,179.0,72.0,33.0,20.0,0.52597404,0.6039216,169.44444444444446
22,181.0,81.0,36.0,19.746836,0.512987,0.6039216,167.22222222222223
23,182.0,82.0,37.0,19.480518,0.5,0.6039216,167.11111111111111
24,182.0,83.0,37.0,19.480518,0.5,0.6039216,167.0
25,183.0,85.0,39.0,18.947369,0.4935065,0.6039216,166.88888888888889
26,184.0,86.0,39.0,19.45946,0.48366013,0.6,165.33333333333334
27,185.0,87.0,40.0,18.333334,0.47058824,0.6,165.77777777777777
28,185.0,87.0,40.0,18.333334,0.47058824,0.6,165.33333333333334
29,185.0,87.0,41.0,18.0,0.45751634,0.6,163.55555555555554
30,185.0,87.0,40.0,18.260868,0.45394737,0.59607846,161.22222222222223
31,185.0,88.0,41.0,18.260868,0.45394737,0.59607846,155.77777777777777
32,185.0,88.0,41.0,17.910446,0.44078946,0.59607846,153.11111111111111
33,185.0,88.0,41.0,16.88888888888889
34,185.0,89.0,42.0
35,186.0,90.0,42.0
36,186.0,90.0,42.0
37,186.0,91.0,43.0
38,187.0,91.0,43.0
39,187.0,91.0,43.0
40,187.0,92.0,43.0
41,187.0,92.0,44.0
42,188.0,92.0,44.0
43,188.0,93.0,44.0
44,188.0,93.0,44.0
45,188.0,93.0,44.0
46,188.0,93.0,44.0
47,188.0,93.0,44.0
48,188.0,93.0,44.0
49,188.0,93.0,44.0
50,188.0,93.0,44.0
51,188.0,93.0,44.0
52,188.0,94.0,45.0
53,188.0,93.0,44.0
54,187.0,93.0,44.0
55,187.0,93.0,45.0
56,187.0,94.0,45.0
57,187.0,94.0,45.0
58,188.0,94.0,45.0
59,187.0,94.0,45.0
60,187.0,94.0,45.0
61,187.0,94.0,45.0
62,187.0,95.0,45.0
63,188.0,95.0,46.0
64,188.0,96.0,46.0
65,188.0,96.0,46.0
66,188.0,96.0,46.0
67,188.0,96.0,46.0
68,188.0,96.0,46.0
69,188.0,96.0,46.0
70,188.0,96.0,46.0
71,188.0,96.0,47.0
72,188.0,96.0,47.0
73,188.0,96.0,47.0
74,188.0,96.0,47.0
75,188.0,96.0,47.0
76,188.0,96.0,47.0
77,188.0,96.0,46.0
78,188.0,96.0,46.0
79,188.0,96.0,46.0
80,188.0,96.0,46.0
81,187.0,96.0,46.0
82,187.0,96.0,46.0
83,187.0,96.0,46.0
84,187.0,96.0,46.0
85,187.0,96.0,46.0
86,187.0,96.0,46.0
87,187.0,96.0,47.0
88,187.0,96.0,46.0
89,187.0,97.0,47.0
90,187.0,97.0,47.0
91,187.0,97.0,47.0
92,187.0,97.0,47.0
93,187.0,97.0,47.0
94,188.0,97.0,47.0
95,187.0,97.0,47.0
96,188.0,97.0,47.0
97,188.0,97.0,47.0
98,188.0,97.0,47.0
99,187.0,97.0,47.0
100,188.0,97.0,47.0
101,188.0,97.0,47.0
102,188.0,98.0,48.0
103,188.0,98.0,48.0
104,188.0,98.0,48.0
105,188.0,98.0,47.0
106,187.0,98.0,46.0
107,186.0,98.0,44.0
108,183.0,97.0,39.0
109,181.0,95.0,31.0
110,179.0,94.0,27.0
111,178.0,92.0,25.0
112,178.0,91.0,25.0
113,178.0,91.0,24.0
114,178.0,91.0,25.0
115,178.0,91.0,25.0
116,178.0,91.0,24.0
117,178.0,91.0,25.0
118,177.0,91.0,25.0
119,177.0,91.0,24.0
120,177.0,91.0,24.0
121,177.0,91.0,24.0
122,177.0,91.0,24.0
123,177.0,91.0,24.0
124,177.0,91.0,25.0
125,177.0,91.0,25.0
126,177.0,91.0,25.0
127,178.0,92.0,25.0
128,178.0,92.0,24.0
129,178.0,92.0,24.0
130,178.0,92.0,24.0
131,178.0,92.0,24.0
132,178.0,92.0,25.0
133,177.0,92.0,24.0
134,177.0,92.0,24.0
135,177.0,92.0,24.0
136,177.0,91.0,24.0
137,177.0,91.0,24.0
138,177.0,92.0,24.0
139,177.0,91.0,24.0
140,177.0,91.0,24.0
141,177.0,91.0,24.0
142,177.0,91.0,24.0
143,177.0,91.0,24.0
144,177.0,91.0,24.0
145,175.0,90.0,24.0
146,174.0,90.0,26.0
147,173.0,90.0,27.0
148,173.0,90.0,27.0
149,173.0,89.0,27.0
150,173.0,89.0,27.0
151,172.0,89.0,27.0
152,172.0,89.0,27.0
153,172.0,89.0,27.0
154,171.0,90.0,32.0
155,170.0,91.0,38.0
156,170.0,92.0,38.0
157,170.0,92.0,39.0
158,170.0,92.0,39.0
159,170.0,92.0,39.0
160,170.0,92.0,39.0
161,171.0,92.0,39.0
162,171.0,92.0,39.0
163,171.0,92.0,39.0
164,171.0,92.0,39.0
165,171.0,92.0,39.0
166,171.0,92.0,39.0
167,171.0,92.0,39.0
168,171.0,92.0,39.0
169,171.0,93.0,40.0
170,171.0,93.0,39.0
171,171.0,93.0,39.0
172,171.0,93.0,39.0
173,171.0,92.0,39.0
174,171.0,92.0,39.0
175,171.0,93.0,39.0
176,171.0,92.0,39.0
177,171.0,92.0,39.0
178,171.0,92.0,39.0
179,171.0,92.0,39.0
180,171.0,92.0,39.0
181,171.0,93.0,39.0
182,171.0,93.0,39.0
183,171.0,92.0,39.0
184,171.0,92.0,39.0
185,171.0,92.0,39.0
186,171.0,92.0,39.0
187,170.0,92.0,39.0
188,170.0,92.0,39.0
189,170.0,92.0,39.0
190,170.0,92.0,39.0
191,171.0,93.0,39.0
192,170.0,92.0,39.0
193,170.0,92.0,39.0
194,170.0,92.0,39.0
195,170.0,92.0,39.0
196,169.0,93.0,43.0
197,168.0,94.0,48.0
198,167.0,94.0,49.0
199,168.0,94.0,49.0
200,168.0,94.0,49.0
201,167.0,94.0,49.0
202,167.0,94.0,49.0
203,167.0,94.0,49.0
204,167.0,94.0,50.0
205,167.0,94.0,49.0
206,167.0,94.0,49.0
207,167.0,94.0,49.0
208,167.0,94.0,49.0
209,167.0,94.0,49.0
210,167.0,94.0,49.0
211,167.0,94.0,50.0
212,167.0,94.0,50.0
213,167.0,94.0,50.0
214,168.0,94.0,49.0
215,167.0,94.0,50.0
216,167.0,94.0,49.0
217,167.0,94.0,49.0
218,167.0,94.0,49.0
219,167.0,94.0,49.0
220,167.0,94.0,50.0
221,167.0,94.0,49.0
222,167.0,94.0,50.0
223,167.0,94.0,49.0
224,167.0,94.0,49.0
225,167.0,94.0,49.0
226,167.0,94.0,49.0
227,167.0,94.0,49.0
228,167.0,94.0,49.0
229,167.0,94.0,49.0
230,167.0,94.0,49.0
231,167.0,94.0,49.0
232,167.0,94.0,50.0
233,167.0,94.0,49.0
234,166.0,95.0,52.0
235,166.0,95.0,53.0
236,165.0,95.0,53.0
237,165.0,95.0,53.0
238,166.0,95.0,53.0
239,166.0,95.0,53.0
240,165.0,95.0,53.0
241,165.0,95.0,53.0
242,165.0,95.0,53.0
243,165.0,95.0,53.0
244,165.0,95.0,53.0
245,166.0,95.0,53.0
246,166.0,95.0,53.0
247,166.0,95.0,53.0
248,166.0,95.0,53.0
249,166.0,95.0,53.0
250,166.0,95.0,53.0
251,165.0,95.0,53.0
252,166.0,95.0,53.0
253,165.0,95.0,53.0
254,165.0,95.0,53.0
255,165.0,95.0,53.0
256,165.0,95.0,53.0
257,165.0,95.0,53.0
258,165.0,95.0,53.0
259,166.0,95.0,53.0
260,166.0,95.0,53.0
261,166.0,95.0,53.0
262,166.0,95.0,53.0
263,164.0,96.0,57.0
264,164.0,96.0,57.0
265,164.0,96.0,57.0
266,164.0,96.0,57.0
267,164.0,96.0,57.0
268,162.0,97.0,59.0
269,162.0,97.0,60.0
270,162.0,97.0,60.0
271,161.0,97.0,60.0
272,162.0,97.0,60.0
273,162.0,97.0,60.0
274,161.0,97.0,60.0
275,161.0,97.0,60.0
276,161.0,97.0,60.0
277,161.0,97.0,60.0
278,161.0,97.0,60.0
279,161.0,97.0,60.0
280,160.0,97.0,62.0
281,158.0,97.0,65.0
282,157.0,98.0,67.0
283,155.0,98.0,70.0
284,155.0,98.0,70.0
285,155.0,99.0,72.0
286,154.0,100.0,72.0
287,154.0,100.0,73.0
288,154.0,101.0,75.0
289,154.0,102.0,77.0
290,154.0,102.0,77.0
291,154.0,102.0,78.0
292,153.0,103.0,79.0
293,153.0,103.0,81.0
294,153.0,103.0,81.0
295,153.0,104.0,83.0
296,152.0,104.0,83.0
297,152.0,104.0,83.0
298,152.0,105.0,85.0

 ************, After Bandpass: ,************
central frequency  ,2.25 
Width frequency  , 3.16 

 ************, PPG Signal : ,************ , , Removed 
0,0.8487706349485507, ,,-106.0
1,1.0901300054629246, ,,-103.0
2,0.931897637309703, ,,-101.0
3,0.05535295323943501, ,,-99.0
4,-0.08701971020468591, ,,-97.0
5,0.18854772886743376, ,,-96.0
6,0.23268852908381632, ,,-95.0
7,-0.3224775566009157, ,,-93.0
8,-0.4011858793890042, ,,-88.0
9,-0.3989111181035696, ,,-80.0
10,-0.44522335806004776, ,,39.603288688930945
11,-0.2994129498683833, ,,52.0423437884794
12,-0.27550400772429384, ,,12.178711811577841
13,-0.1609908763234671, ,,6.157539117460374
14,-0.10813745674067832, ,,-19.808996216421008
15,-0.051741738638156676, ,,-41.62281682293184
16,-0.010108392511938291, ,,-25.52724022206155
17,-0.49960470722453465, ,,-8.408842891705376
18,-0.6082167024201226, ,,15.74598280073792
19,0.0028961210171019047, ,,42.23152485689127
20,0.08474821638401409, ,,32.54319428796725
21,0.6935637403755663, ,,-0.2800971987411458
22,0.4025915123042978, ,,-8.114045267741176
23,-0.40909012766587693, ,,-16.201195161140276
24,0.14164847696156357, ,,-20.46455488784636
25,0.03508613543840511, ,,-17.631196334179776
26,0.527172360685654, ,,-16.047174734264217
27,0.7717524976649202, ,,-11.169349190670118
28,0.03253299403513665, ,,-8.747877596276567
29,0.036369547356571275, ,,-5.9069774151862475
30,-0.14387672292423304, ,,-3.5463535147700895
31,-0.22248256529928767, ,,-1.7994379209692397
32,-0.17187561753644331, ,,-0.40988839514488973
33,-0.2105788372666666, ,,0.3438279225235874
34,-0.13027110773009554, ,,0.8332138049902369
35,-0.11918247748826616, ,,1.4800459383623092
36,-0.06963415008976881, ,,1.5887174377066913
37,-0.04181058509425384, ,
38,-0.020928831454057217, ,
39,-3.550363512658805E-4, ,
40,0.005381255985412281, ,
41,0.0134361459649881, ,
42,0.013077769000574335, ,
43,0.013023857201460487, ,
44,-0.4968982011666867, ,
45,-0.626609480871366, ,
46,-0.018472978921863614, ,
47,0.05941541605761813, ,
48,0.16380401163200986, ,
49,0.2574675160085462, ,
50,0.1874263267011429, ,
51,0.21306446645553478, ,
52,0.13540003837147196, ,
53,0.11203881645042202, ,
54,0.06724680859201726, ,
55,0.03506406461747247, ,
56,0.01637581894556206, ,
57,0.5040507116150366, ,
58,0.11812520740886612, ,
59,-0.11782558325421633, ,
60,0.5396606339782011, ,
61,-0.09506366093478391, ,
62,-0.66988395732551, ,
63,-0.2274998998375395, ,
64,0.3217307426307343, ,
65,-0.03287540950850598, ,
66,-0.08593447963630751, ,
67,0.003406550914633044, ,
68,-0.14931746396769086, ,
69,-0.5299508432983657, ,
70,-1.234307870370003, ,
71,-2.216219191545406, ,
72,-2.9218958409448987, ,
73,-2.1633700803997726, ,
74,-1.2429481482299707, ,
75,0.3517200386515924, ,
76,1.589436726115764, ,
77,1.8095225809320254, ,
78,1.9479014861631185, ,
79,1.6549367648963198, ,
80,1.3344480233522518, ,
81,0.46494847361532265, ,
82,-0.013904309267900317, ,
83,0.3362000515364798, ,
84,0.19577888318076475, ,
85,0.16910481617924233, ,
86,0.1760689408838516, ,
87,0.06791063019045396, ,
88,0.08566146282919362, ,
89,0.017591300199455873, ,
90,0.5239559286815165, ,
91,0.6294399786370377, ,
92,0.010692527620904002, ,
93,-0.06881207524793354, ,
94,-0.1794223377578419, ,
95,-0.2687355481039049, ,
96,-0.7069359831364181, ,
97,-0.8557266868861007, ,
98,-0.16562382831557443, ,
99,-0.05975466064319335, ,
100,0.0930099176416661, ,
101,0.22116936742531834, ,
102,0.17165679983736482, ,
103,0.2180980602765885, ,
104,0.1460115471129484, ,
105,0.12901688719603044, ,
106,0.0834153762805272, ,
107,0.049767942946573385, ,
108,-0.987147470647642, ,
109,-1.772278580804823, ,
110,-1.193994580970866, ,
111,-0.5589351350240577, ,
112,0.34252005515327255, ,
113,0.7186691752799561, ,
114,0.2749462442723143, ,
115,0.2287281156714016, ,
116,0.643133267248686, ,
117,0.12020442577045287, ,
118,-0.5974673302453084, ,
119,-0.1505501242027094, ,
120,0.35684656163584805, ,
121,0.478103778825016, ,
122,0.5522749274077796, ,
123,0.5161446004999561, ,
124,0.9250230467118854, ,
125,0.9642832561657997, ,
126,0.2404651982840278, ,
127,0.08128212953852199, ,
128,-0.09699197234544954, ,
129,-0.23925761242435328, ,
130,-0.2005536197739275, ,
131,-0.24436952746145835, ,
132,-0.17198364221349038, ,
133,-0.1486599651409506, ,
134,-0.09839764775142612, ,
135,-0.059663915955979974, ,
136,-0.03386408330129598, ,
137,-0.007426493896218744, ,
138,0.002742075037303948, ,
139,0.013016794653594843, ,
140,0.014878304568355816, ,
141,0.015217166864658793, ,
142,0.013450850724893826, ,
143,0.010359744863762899, ,
144,0.007762774246202753, ,
145,0.004820823706495503, ,
146,0.0027892440616597014, ,
147,0.0010747202397851652, ,
148,-1.2348998552624835E-5, ,
149,-6.525855842482997E-4, ,
150,-0.5087173209094544, ,
151,-0.6356826613318844, ,
152,-0.02526928908332593, ,
153,0.05529135009510355, ,
154,0.6691325517747373, ,
155,0.3835354964112412, ,
156,-0.4228605837854502, ,
157,0.13329764496393182, ,
158,0.030373431615998925, ,
159,-0.48981014786659216, ,
160,-1.0050221814667566, ,
161,-1.1570606438567665, ,
162,-8.3558040250864E-4, ,
163,0.8484203876191714, ,
164,0.027896459642079208, ,
165,-0.06681101487947672, ,
166,0.476440477684946, ,
167,0.3435850470787045, ,
168,0.4313990706200457, ,
169,0.35902514609779246, ,
170,0.26188077868346227, ,
171,0.21719235226532874, ,
172,0.11348139783649458, ,
173,0.07860850392876273, ,
174,0.02215466259940513, ,
175,-0.0010142910357444634, ,
176,-0.018394242289105023, ,
177,0.4798832084038622, ,
178,0.1003970357178332, ,
179,-0.6364106206644919, ,
180,-0.10019828180293189, ,
181,-0.12129018313726192, ,
182,-0.10506914676261658, ,
183,0.06345283308837679, ,
184,-0.02884331083100733, ,
185,0.07713383044028888, ,
186,0.02427758724593332, ,
187,0.04657339635923563, ,
188,0.0342041559192694, ,
189,0.020611168250525225, ,
190,0.021701063151795097, ,
191,0.00637020199383187, ,
192,0.007301670629203727, ,
193,-5.3137942359171575E-5, ,
194,-8.674641878769762E-4, ,
195,-0.0023091745629244542, ,
196,-0.003217888747485631, ,
197,-0.510186398472797, ,
198,-0.6373075425722163, ,
199,-0.5337528449122146, ,
200,-0.5799877714841841, ,
201,0.6445765417907978, ,
202,0.9472936351480712, ,
203,-0.1339078820276427, ,
204,-0.21988058302395075, ,
205,0.1378461181672037, ,
206,0.1259605597136897, ,
207,0.17878985506433764, ,
208,0.6996970208540461, ,
209,0.7710406157817715, ,
210,0.15755531500030884, ,
211,0.02045650331081106, ,
212,-0.10325289323600373, ,
213,-0.22904158154392462, ,
214,-0.6850398970146898, ,
215,-0.3410104559834508, ,
216,-0.043415449903818626, ,
217,-0.677951528173935, ,
218,8.916854368408167E-4, ,
219,0.10482100038950648, ,
220,0.06701773853706072, ,
221,0.2799550717688817, ,
222,0.6223956237621451, ,
223,0.8376379994798526, ,
224,0.1293258340488137, ,
225,0.03781828223691264, ,
226,-1.1166905800124596, ,
227,-1.5022009651071357, ,
228,-0.21838611151986242, ,
229,-0.10774681391433205, ,
230,0.18164579276356108, ,
231,-0.6277302818187991, ,
232,-0.9743567757016081, ,
233,0.33226474227217295, ,
234,-0.14949504185494789, ,
235,0.4199256432967786, ,
236,1.2642028352651096, ,
237,0.032117463925146694, ,
238,-0.054162204553108495, ,
239,0.3498571608182601, ,
240,0.20690196754617318, ,
241,0.30245213190187314, ,
242,0.22806956487147545, ,
243,-0.3329712564673173, ,
244,-1.508123817748583, ,
245,-1.7299028835292347, ,
246,-1.590315116359875, ,
247,-1.0077905087475756, ,
248,0.5878678298410023, ,
249,0.45477775850599755, ,
250,0.5169260888546887, ,
251,1.2236457284060407, ,
252,1.0134322497181074, ,
253,1.0068374656769947, ,
254,0.8040939760037418, ,
255,0.05553120881950235, ,
256,-0.22270789204662833, ,
257,0.1829517135581682, ,
258,0.16658657840127944, ,
259,-0.3375152135653252, ,
260,-0.4160676309206792, ,
261,0.09833380823090465, ,

 ************, GATI FFT  : ,************ , , Removed 
0,50496.000000577464
1,2406.4803201991845
2,2081.8393473850483
3,1595.0899897493957
4,1428.0361593000023
5,1292.0637771828515
6,1197.6726520706986
7,885.8265483268389
8,992.182906865441
9,789.5065038128837
10,632.6320397598232
11,607.5734704346227
12,504.27236744883874
13,357.6573441101384
14,300.0044663923575
15,225.46334637775757
16,137.47017721126286
17,117.39523397961051
18,168.37454357920933
19,236.52675401192639
20,246.0162978146305
21,272.8285650822123
22,284.1498101077746
23,259.5886205574823
24,247.011057539722
25,267.9919892884052
26,215.29240601388466
27,200.51737835791786
28,182.09350070251696
29,146.77582463031712
30,110.36378427660084
31,106.22699390339129
32,93.84328065911508
33,91.3202404829096
34,117.25198936582596
35,153.3294083160917
36,173.6830231223669
37,187.613806746917
38,211.6296514498171
39,211.69154368103233
40,210.66235654969464
41,219.41301862767068
42,190.40207241823998
43,175.32132746005166
44,162.45573643521703
45,156.3652809197607
46,143.44632638458123
47,112.3437022020033
48,92.85079798235041
49,68.39953344082019
50,60.2082107005376
51,68.21366090376145
52,75.98721589289126
53,87.1183670116236
54,89.04144557036592
55,92.24064627683262
56,93.03226927707605
57,91.79578360808102
58,97.44875197911067
59,87.33787659697921
60,81.66001890723206
61,76.22189076055076
62,57.81653914253607
63,42.504132561015815
64,48.36954197545293
65,27.79480711755927
66,28.99719865751966
67,28.58070884872274
68,29.23673483697692
69,30.46303665720175
70,44.716231398793525
71,40.31365591715889
72,44.9034305542231
73,44.64534938374684
74,43.81760347781671
75,36.70425269364267
76,31.59820781442227
77,14.161737303758184
78,5.567453344595908
79,7.447967768659776
80,15.37079095957033
81,28.498200513900745
82,35.389846236247
83,43.73134300111828
84,46.27768783080443
85,61.30331512906135
86,62.82666058567485
87,58.248177195420844
88,57.99670572836543
89,56.036631472180346
90,49.69809513670972
91,50.025864080031845
92,39.005709908962466
93,24.231534308067378
94,13.070902292245387
95,4.935656653320827
96,12.415862380514398
97,23.671708421668747
98,29.987763227353426
99,40.03518152062515
100,44.9959288800811
101,51.548139905899454
102,42.99333414296486
103,50.310165553731174
104,49.761655165921304
105,49.347878949137126
106,50.73593254438433
107,45.8221198051431
108,30.98236291722086
109,25.283762157392943
110,13.015006530432577
111,7.155961143899559
112,2.287012496617482
113,7.6625857740822285
114,16.44045654518182
115,28.42846476416427
116,37.50401673444332
117,39.24946180803363
118,40.54136589113862
119,37.46289716964308
120,32.534799969631294
121,31.4657686858097
122,33.41696812949244
123,27.641227368389696
124,26.94924638465185
125,16.292005619802424
126,11.276323093967202
127,5.395538926937519
128,8.310797302457955
129,18.262006897886852
130,23.389631762908625
131,29.327519963109165
132,37.779012106870304
133,35.409365690604794
134,32.17547215506221
135,35.15474652670834
136,38.49380076196126
137,31.83611076090468
138,28.022846163521976
139,26.3646966277983
140,15.868565887875052
141,13.277017453839635
142,18.049398920266352
143,8.722677578962527
144,16.89930073332503
145,16.761706433556053
146,21.160531830206256
147,25.67530527128463
148,30.550830492779564
149,28.47878765996907
150,0.0
151,0.0
152,0.0
153,0.0
154,0.0
155,0.0
156,0.0
157,0.0
158,0.0
159,0.0
160,0.0
161,0.0
162,0.0
163,0.0
164,0.0
165,0.0
166,0.0
167,0.0
168,0.0
169,0.0
170,0.0
171,0.0
172,0.0
173,0.0
174,0.0
175,0.0
176,0.0
177,0.0
178,0.0
179,0.0
180,0.0
181,0.0
182,0.0
183,0.0
184,0.0
185,0.0
186,0.0
187,0.0
188,0.0
189,0.0
190,0.0
191,0.0
192,0.0
193,0.0
194,0.0
195,0.0
196,0.0
197,0.0
198,0.0
199,0.0
200,0.0
201,0.0
202,0.0
203,0.0
204,0.0
205,0.0
206,0.0
207,0.0
208,0.0
209,0.0
210,0.0
211,0.0
212,0.0
213,0.0
214,0.0
215,0.0
216,0.0
217,0.0
218,0.0
219,0.0
220,0.0
221,0.0
222,0.0
223,0.0
224,0.0
225,0.0
226,0.0
227,0.0
228,0.0
229,0.0
230,0.0
231,0.0
232,0.0
233,0.0
234,0.0
235,0.0
236,0.0
237,0.0
238,0.0
239,0.0
240,0.0
241,0.0
242,0.0
243,0.0
244,0.0
245,0.0
246,0.0
247,0.0
248,0.0
249,0.0
250,0.0
251,0.0
252,0.0
253,0.0
254,0.0
255,0.0
256,0.0
257,0.0
258,0.0
259,0.0
260,0.0
261,0.0
262,0.0
263,0.0
264,0.0
265,0.0
266,0.0
267,0.0
268,0.0
269,0.0
270,0.0
271,0.0
272,0.0
273,0.0
274,0.0
275,0.0
276,0.0
277,0.0
278,0.0
279,0.0
280,0.0
281,0.0
282,0.0
283,0.0
284,0.0
285,0.0
286,0.0
287,0.0
288,0.0
289,0.0
290,0.0
291,0.0
292,0.0
293,0.0
294,0.0
295,0.0
296,0.0
297,0.0
298,0.0
