**** , USER DATA ,****,
, Device Info, 
-------------------------------------
Model :SM-A505F
Device: a50
Manufacturer: samsung
Board: exynos9610
Brand: samsung
SDK or OS  : 30
versionRelease: 11
VERSION_CODE: 5
VERSION_NAME: 1.0
-------------------------------------

 Unique file Id,54930, 
 Front Face,true, 
 Sampling Rate  : 8,

Id provided by Hospital or Entered manually or Randomly generated, 
20220111_134931-SM-A505F-24, 

 ************, User Manual Data : ,************ ,  

Gender,Female,
height,160,
weight,70,
Age,29,
BPsystolic(Manual),120,
BPdiastolic(Manual),80,
heartrate(Manual),70,
Medication,0,
Place ,,

 ************ , Advance Settings ,************ , 

 ************, 
 {hsvMin=60.0, hsvMax=340.0, saturationMin=0.4, saturationMax=1.0, brightnessMin=0.0, brightnessMax=1.0} ,************ ,  

 
  ************, Calculated : ,************

BMI,27,
BMR,1627,
BPsystolic,120,
BPdiastolic,70,
Heartrate,58,
Respirationrate,12,
Rythm,Pitta/Kapha(Reg),
Kathinya,154,
Kapha,16.67  %,
Vata,0.00  %,
Pitta,83.33  %,
Tala Result,0.0,
Variance Of Heart Rate,0.562068123665207,
BSA,1.7318886979699173,
ET,252.57,
SV,67.01080339798465,
PP,37.60426677776916,
MPP,83.25,

 ************, KPV2 ,************
K2 , 30.97  %P2 , 41.32  %V2 , 27.71  %
PPG,


Colors Code , RED , GREEN , BLUE , H, S, V , GOOD SIGNAL HSV AVG ( per sec)  , <.1
0,89.0,57.0,55.0,18.701298,0.89017344,0.6784314,130.75,0.0
1,74.0,30.0,27.0,18.311687,0.89017344,0.6784314,186.5
2,65.0,11.0,6.0,17.368422,0.88372093,0.6745098,190.0
3,71.0,9.0,5.0,17.483442,0.87283236,0.6784314,185.875
4,90.0,7.0,2.0,17.763159,0.87356323,0.68235296,185.25
5,144.0,32.0,16.0,20.129032,0.8806818,0.6901961,185.625
6,161.0,42.0,16.0,20.516129,0.8757062,0.69411767,186.875
7,173.0,53.0,17.0,20.129032,0.8806818,0.6901961,188.5
8,179.0,61.0,21.0,18.701298,0.89017344,0.6784314,187.125
9,182.0,66.0,23.0,18.311687,0.89534885,0.6745098,185.75
10,185.0,73.0,23.0,16.862745,0.8895349,0.6745098,186.375
11,186.0,75.0,23.0,16.973684,0.8786127,0.6784314,186.125
12,186.0,77.0,24.0,17.763159,0.87356323,0.68235296,186.5
13,187.0,79.0,25.0,20.0,0.88135594,0.69411767,186.0
14,188.0,80.0,25.0,20.384615,0.8764045,0.69803923,183.75
15,189.0,81.0,25.0,20.129032,0.8757062,0.69411767,184.0
16,189.0,82.0,26.0,19.090908,0.88505745,0.68235296,184.5
17,190.0,83.0,26.0,18.193548,0.8908046,0.68235296,185.25
18,190.0,84.0,26.0,17.254902,0.88439304,0.6784314,183.25
19,190.0,84.0,27.0,17.254902,0.87931037,0.68235296,180.875
20,190.0,84.0,27.0,17.763159,0.8685714,0.6862745,179.375
21,190.0,85.0,27.0,20.0,0.88135594,0.69411767,178.5
22,190.0,85.0,27.0,20.384615,0.8764045,0.69803923,180.25
23,190.0,85.0,27.0,20.384615,0.8764045,0.69803923,180.0
24,190.0,85.0,27.0,19.480518,0.88,0.6862745,180.0
25,190.0,85.0,27.0,19.090908,0.88505745,0.68235296,177.0
26,190.0,85.0,27.0,19.354837,0.8857143,0.6862745,177.125
27,188.0,82.0,26.0,18.431374,0.8742857,0.6862745,177.25
28,184.0,75.0,24.0,19.741936,0.8757062,0.69411767,177.5
29,183.0,72.0,23.0,20.769232,0.8764045,0.69803923,178.5
30,183.0,72.0,23.0,21.019108,0.877095,0.7019608,177.625
31,184.0,73.0,23.0,20.769232,0.8764045,0.69803923,173.625
32,185.0,75.0,24.0,19.090908,0.88505745,0.68235296,174.25
33,186.0,77.0,24.0,18.701298,0.89534885,0.6745098,174.625
34,187.0,78.0,25.0,175.5
35,186.0,77.0,24.0,176.25
36,184.0,73.0,22.0,21.5
37,184.0,72.0,22.0
38,184.0,73.0,23.0
39,185.0,74.0,23.0
40,186.0,76.0,24.0
41,187.0,77.0,24.0
42,188.0,78.0,24.0
43,187.0,77.0,24.0
44,184.0,73.0,22.0
45,184.0,71.0,22.0
46,184.0,71.0,22.0
47,185.0,73.0,22.0
48,186.0,75.0,23.0
49,187.0,77.0,24.0
50,188.0,79.0,24.0
51,188.0,79.0,24.0
52,186.0,76.0,23.0
53,185.0,74.0,22.0
54,186.0,74.0,23.0
55,187.0,76.0,23.0
56,188.0,78.0,24.0
57,189.0,80.0,25.0
58,190.0,81.0,25.0
59,190.0,82.0,25.0
60,189.0,80.0,25.0
61,187.0,77.0,24.0
62,187.0,77.0,24.0
63,188.0,78.0,24.0
64,188.0,79.0,25.0
65,189.0,81.0,25.0
66,190.0,82.0,25.0
67,190.0,83.0,26.0
68,188.0,81.0,25.0
69,185.0,76.0,23.0
70,185.0,75.0,23.0
71,185.0,75.0,23.0
72,185.0,77.0,24.0
73,186.0,79.0,24.0
74,187.0,81.0,25.0
75,188.0,83.0,26.0
76,186.0,80.0,25.0
77,184.0,76.0,23.0
78,184.0,75.0,23.0
79,185.0,76.0,23.0
80,186.0,78.0,24.0
81,187.0,80.0,25.0
82,188.0,82.0,26.0
83,188.0,84.0,26.0
84,188.0,83.0,26.0
85,185.0,78.0,24.0
86,184.0,76.0,23.0
87,185.0,77.0,24.0
88,186.0,79.0,24.0
89,187.0,81.0,25.0
90,188.0,82.0,25.0
91,188.0,83.0,26.0
92,188.0,83.0,26.0
93,185.0,77.0,24.0
94,184.0,75.0,23.0
95,184.0,75.0,23.0
96,185.0,77.0,24.0
97,187.0,80.0,24.0
98,188.0,82.0,25.0
99,189.0,83.0,25.0
100,188.0,83.0,25.0
101,185.0,77.0,23.0
102,184.0,75.0,22.0
103,185.0,75.0,23.0
104,186.0,77.0,23.0
105,187.0,79.0,24.0
106,188.0,81.0,25.0
107,188.0,83.0,25.0
108,188.0,83.0,25.0
109,185.0,78.0,24.0
110,183.0,75.0,23.0
111,184.0,75.0,23.0
112,185.0,77.0,23.0
113,185.0,79.0,24.0
114,186.0,81.0,24.0
115,186.0,82.0,25.0
116,186.0,83.0,25.0
117,183.0,79.0,24.0
118,181.0,74.0,22.0
119,181.0,74.0,22.0
120,182.0,75.0,23.0
121,183.0,78.0,23.0
122,184.0,80.0,24.0
123,186.0,82.0,25.0
124,186.0,83.0,26.0
125,184.0,80.0,25.0
126,182.0,77.0,23.0
127,183.0,77.0,23.0
128,184.0,79.0,24.0
129,185.0,81.0,25.0
130,186.0,83.0,25.0
131,186.0,84.0,26.0
132,186.0,85.0,26.0
133,184.0,82.0,25.0
134,182.0,77.0,23.0
135,183.0,77.0,23.0
136,184.0,79.0,24.0
137,185.0,81.0,25.0
138,187.0,83.0,26.0
139,187.0,84.0,26.0
140,188.0,85.0,26.0
141,186.0,84.0,26.0
142,183.0,79.0,24.0
143,183.0,78.0,23.0
144,183.0,78.0,24.0
145,184.0,80.0,24.0
146,185.0,81.0,25.0
147,185.0,83.0,25.0
148,186.0,83.0,25.0
149,184.0,81.0,25.0
150,181.0,76.0,23.0
151,180.0,74.0,22.0
152,181.0,74.0,22.0
153,181.0,76.0,22.0
154,182.0,77.0,23.0
155,183.0,79.0,24.0
156,183.0,80.0,24.0
157,182.0,79.0,24.0
158,179.0,74.0,22.0
159,178.0,72.0,21.0
160,179.0,72.0,21.0
161,179.0,73.0,22.0
162,180.0,75.0,22.0
163,181.0,77.0,23.0
164,182.0,79.0,24.0
165,181.0,78.0,23.0
166,178.0,73.0,21.0
167,177.0,70.0,20.0
168,177.0,70.0,20.0
169,178.0,71.0,21.0
170,178.0,72.0,21.0
171,179.0,74.0,22.0
172,180.0,76.0,22.0
173,180.0,77.0,23.0
174,178.0,73.0,22.0
175,177.0,70.0,21.0
176,178.0,71.0,21.0
177,179.0,74.0,22.0
178,180.0,76.0,22.0
179,181.0,78.0,23.0
180,182.0,79.0,23.0
181,183.0,81.0,24.0
182,181.0,77.0,23.0
183,178.0,72.0,21.0
184,178.0,71.0,21.0
185,179.0,73.0,21.0
186,180.0,75.0,22.0
187,181.0,78.0,23.0
188,182.0,79.0,23.0
189,182.0,80.0,24.0
190,180.0,77.0,23.0
191,178.0,73.0,21.0
192,178.0,72.0,21.0
193,179.0,74.0,21.0
194,180.0,75.0,22.0
195,181.0,77.0,22.0
196,182.0,79.0,23.0
197,182.0,80.0,23.0
198,181.0,78.0,23.0
199,178.0,73.0,21.0
200,177.0,71.0,20.0
201,177.0,72.0,21.0
202,178.0,73.0,21.0
203,178.0,75.0,22.0
204,179.0,76.0,22.0
205,179.0,77.0,22.0
206,177.0,75.0,22.0
207,174.0,69.0,20.0
208,174.0,68.0,20.0
209,174.0,66.0,21.0
210,175.0,68.0,23.0
211,178.0,74.0,22.0
212,179.0,76.0,22.0
213,179.0,78.0,23.0
214,179.0,77.0,23.0
215,177.0,73.0,22.0
216,176.0,70.0,20.0
217,176.0,70.0,20.0
218,177.0,72.0,21.0
219,177.0,73.0,21.0
220,178.0,75.0,22.0
221,179.0,77.0,23.0
222,179.0,77.0,23.0
223,177.0,73.0,21.0
224,175.0,70.0,20.0
225,176.0,70.0,20.0
226,177.0,72.0,21.0
227,177.0,74.0,22.0
228,178.0,75.0,22.0
229,179.0,77.0,23.0
230,180.0,78.0,23.0
231,177.0,75.0,22.0
232,176.0,72.0,21.0
233,176.0,72.0,21.0
234,177.0,74.0,22.0
235,179.0,76.0,22.0
236,180.0,78.0,23.0
237,180.0,79.0,23.0
238,181.0,80.0,23.0
239,179.0,77.0,22.0
240,176.0,72.0,21.0
241,177.0,72.0,21.0
242,178.0,74.0,22.0
243,178.0,75.0,22.0
244,179.0,77.0,23.0
245,179.0,78.0,23.0
246,179.0,78.0,23.0
247,177.0,75.0,22.0
248,174.0,69.0,20.0
249,173.0,66.0,19.0
250,172.0,63.0,20.0
251,173.0,64.0,21.0
252,173.0,65.0,22.0
253,174.0,68.0,22.0
254,176.0,73.0,21.0
255,175.0,72.0,21.0
256,173.0,67.0,19.0
257,173.0,66.0,19.0
258,172.0,64.0,20.0
259,173.0,66.0,22.0
260,174.0,67.0,22.0
261,176.0,73.0,21.0
262,177.0,75.0,22.0
263,176.0,73.0,21.0
264,173.0,67.0,19.0
265,172.0,65.0,18.0
266,172.0,62.0,19.0
267,173.0,64.0,21.0
268,174.0,67.0,22.0
269,177.0,73.0,21.0
270,178.0,75.0,22.0
271,177.0,74.0,22.0
272,174.0,69.0,20.0
273,174.0,66.0,19.0
274,173.0,64.0,20.0
275,174.0,65.0,21.0
276,175.0,68.0,23.0
277,177.0,73.0,21.0
278,178.0,75.0,22.0
279,178.0,75.0,22.0
280,175.0,71.0,21.0
281,174.0,69.0,20.0
282,175.0,70.0,20.0
283,175.0,69.0,22.0
284,177.0,73.0,22.0
285,178.0,76.0,22.0
286,179.0,77.0,22.0
287,178.0,76.0,22.0
288,174.0,69.0,20.0
289,172.0,66.0,18.0

 ************, After Bandpass: ,************
central frequency  ,2.25 
Width frequency  , 3.16 

 ************, PPG Signal : ,************ , , Removed 
0,2.568542418199172, ,,-89.0
1,2.0405390533809395, ,,-74.0
2,0.39188152362123674, ,,-65.0
3,-1.618053378704417, ,,-71.0
4,-1.2350322664459554, ,,-90.0
5,-0.31962780060814566, ,,-144.0
6,0.32405332536325204, ,,-161.0
7,1.3475941031821321, ,,-173.0
8,1.0815525615253136, ,,-179.0
9,1.3261087534392573, ,,113.6494762218716
10,-0.43497950231483173, ,,85.88838204856796
11,-2.6386898758203188, ,,-11.057833235099025
12,-1.9614681836901582, ,,-9.146999383652883
13,-0.39830586411972035, ,,-48.54779014714268
14,0.42043802550563214, ,,-31.528192097754186
15,1.5752841888559033, ,,-39.93629829189331
16,1.406088687763713, ,,-24.97516802937639
17,1.5267208543916695, ,,-20.821266737481437
18,0.4694707224927015, ,,-12.644777900818212
19,-1.4700109688649263, ,,-6.244816671894
20,-2.02595835072691, ,,-4.638744453579875
21,-0.36814165225496254, ,,1.5636341023006253
22,0.715897095458331, ,,-0.9747987811955454
23,1.0629381816677324, ,,3.987607961983258
24,1.2619035896674404, ,,-0.11504235553684339
25,1.0269704889579998, ,,3.621344598813266
26,0.2811599852701647, ,,-0.32157771307709027
27,-1.1456226165886392, ,,1.1512830267680556
28,-2.3017939064445727, ,,-4.019834787044715
29,-1.639456370920925, ,,-1.044959130916368
30,0.22949163502369174, ,,-0.7063490447967524
31,0.29079107159191153, ,,1.9852564682955745
32,0.932832505125134, ,,2.088708227103666
33,1.363480745347033, ,
34,0.5854947588914001, ,
35,-1.2113375664465593, ,
36,-3.0449728161556777, ,
37,-1.6219379701851722, ,
38,-0.07787095226387919, ,
39,0.3484473750399957, ,
40,1.5063367899872446, ,
41,1.8657482852765952, ,
42,1.8238110948695976, ,
43,-0.3392690008440695, ,
44,-2.1189172382596553, ,
45,-1.0098350311002378, ,
46,0.35013797339922803, ,
47,1.2602016195637589, ,
48,1.419300726807478, ,
49,1.4190476227068984, ,
50,0.5110227890299939, ,
51,-0.22225165539703085, ,
52,-2.3215111688588195, ,
53,-2.646619388200179, ,
54,-0.1607732285857537, ,
55,0.8136045475616811, ,
56,1.5413064328735118, ,
57,1.5066098359224043, ,
58,0.781175229706605, ,
59,-0.01072874436431448, ,
60,-2.1257937003433653, ,
61,-2.479808877259984, ,
62,-0.70539731283111, ,
63,0.44507725061146175, ,
64,2.237060323792093, ,
65,2.0615997257762047, ,
66,1.568221876595544, ,
67,-0.033516676439489856, ,
68,-2.7452145924480646, ,
69,-2.490914690702084, ,
70,-0.4343866073489835, ,
71,0.939764220499228, ,
72,1.3951109948566227, ,
73,1.5943596139481997, ,
74,0.7203172908274382, ,
75,0.036597079197463245, ,
76,-2.137983777376803, ,
77,-3.090272804389542, ,
78,-0.5310099032880089, ,
79,0.9707405308954549, ,
80,0.9885467811170656, ,
81,1.337476523338637, ,
82,1.0145614792136257, ,
83,0.2583677264101425, ,
84,-1.7412465231451506, ,
85,-2.8264939537623377, ,
86,-0.8928576560224428, ,
87,0.673230232714559, ,
88,1.792101642416469, ,
89,1.9191302672380743, ,
90,2.469474583915485, ,
91,1.320761274545589, ,
92,-1.3395654210225985, ,
93,-2.508730154754744, ,
94,-1.0216328269711994, ,
95,0.665733012164992, ,
96,0.900831310098738, ,
97,1.3817241556888575, ,
98,0.45033775562228584, ,
99,-0.05864906019701266, ,
100,-1.6035636240953863, ,
101,-2.6482437899314846, ,
102,-0.5966390818085756, ,
103,0.9258967739826858, ,
104,1.3827578435992791, ,
105,2.2545700218872753, ,
106,1.2221797142901778, ,
107,0.6216609453971387, ,
108,-1.0604827456334078, ,
109,-3.580607624342292, ,
110,-1.8849957878182977, ,
111,-0.5872018029496076, ,
112,0.7140140265549917, ,
113,1.6744079052509733, ,
114,1.0248587043524822, ,
115,1.2097870907876995, ,
116,-0.5902847290866475, ,
117,-2.857887927867523, ,
118,-2.0598274368616103, ,
119,0.047448612338030216, ,
120,0.8641712120353304, ,
121,1.39329258683631, ,
122,2.0110668583637334, ,
123,1.0368311343019059, ,
124,-0.19154582521503016, ,
125,-2.3233282522822947, ,
126,-2.174975802784047, ,
127,0.1336677948443139, ,
128,0.608407601983231, ,
129,1.331166839706043, ,
130,1.8049391421091059, ,
131,1.5908099167697856, ,
132,0.16176093998706165, ,
133,-2.4369541398650654, ,
134,-2.2573245145047167, ,
135,-0.7787384323710285, ,
136,0.6076096738634078, ,
137,1.009899471264589, ,
138,1.2132722328593673, ,
139,1.759427674771814, ,
140,0.7002020880780719, ,
141,-1.0733478281520092, ,
142,-1.7834040874813581, ,
143,-0.0749499264404676, ,
144,0.84560665679669, ,
145,1.2102953547326933, ,
146,1.2939676933752935, ,
147,1.0732864665416173, ,
148,0.890169057525668, ,
149,-1.3098485435659768, ,
150,-3.4844122931051515, ,
151,-2.0956525470310226, ,
152,0.0671159886192072, ,
153,1.0480938653078056, ,
154,1.6109455681901181, ,
155,1.5440379606621946, ,
156,0.7776381184928596, ,
157,-1.3047436263632335, ,
158,-2.440771513941854, ,
159,-1.309669969878314, ,
160,0.4074848843001746, ,
161,1.274569958780262, ,
162,1.5774172768673225, ,
163,1.517023654623813, ,
164,0.6345238513659979, ,
165,-0.7646568020524, ,
166,-2.7250414585978433, ,
167,-2.529082714602623, ,
168,-0.7243114700590922, ,
169,0.6406210977515912, ,
170,1.149204192298157, ,
171,1.3248835655135736, ,
172,1.237494223355725, ,
173,-0.9171777574870248, ,
174,-2.507989646488795, ,
175,-1.3705758237986174, ,
176,0.20426314327801265, ,
177,1.1026239328097063, ,
178,3.2976182854301896, ,
179,2.762158259524199, ,
180,0.9797101355839004, ,
181,0.08672659173248576, ,
182,-1.893259734396679, ,
183,-2.2892775562306724, ,
184,-1.198553394833425, ,
185,0.13712184305313713, ,
186,0.4622968646606296, ,
187,0.8235643827015338, ,
188,1.3941623820394398, ,
189,0.5117821141392369, ,
190,-1.2367455648295618, ,
191,-2.447372889100393, ,
192,-0.5750609883975812, ,
193,0.944519250523399, ,
194,0.649913198937611, ,
195,1.1393896418705936, ,
196,1.3407241913448615, ,
197,1.188398464394595, ,
198,-1.5163133031029474, ,
199,-2.3993627620316147, ,
200,-0.8064542791627218, ,
201,0.13935638251291493, ,
202,1.9742271797775857, ,
203,1.7596758186580246, ,
204,0.7514671867630796, ,
205,0.5755249549321206, ,
206,-1.2099821830227029, ,
207,-3.4383777179936033, ,
208,-1.2768744839436295, ,
209,0.6611066700390893, ,
210,0.4914741756424519, ,
211,1.2033844353694576, ,
212,0.7805657630034375, ,
213,0.2522118113660099, ,
214,-1.1830525062513289, ,
215,-2.946878541254023, ,
216,-2.0412588622160683, ,
217,-0.9773951619673653, ,
218,0.7532200587678517, ,
219,1.6034193686126628, ,
220,1.7364827053049794, ,
221,2.9788553361228196, ,
222,0.9423663934583146, ,
223,-1.2583102667739468, ,
224,-0.9460427948429242, ,
225,-0.9527299471857305, ,
226,-0.008845840378626235, ,
227,1.2604837202832186, ,
228,1.822761638536349, ,
229,1.8834912522554532, ,
230,-0.28220485283577545, ,
231,-2.600633756353659, ,
232,-2.673665702698372, ,
233,-1.002514570278322, ,
234,0.3778982605533656, ,
235,1.480035336188962, ,
236,2.8607448953796393, ,
237,2.5286371508469756, ,
238,-0.08913664334909299, ,
239,-2.5728219431969137, ,
240,-2.20022851960357, ,
241,-1.3335153427956357, ,
242,-0.34822317419047977, ,
243,1.3445357659196588, ,
244,1.8963335129453753, ,
245,2.0746643653906176, ,
246,0.513458690409152, ,
247,-2.0041726048774535, ,
248,-2.607847822276881, ,
249,-0.38028705386591355, ,
250,0.026119295714806867, ,
251,1.3881290085437286, ,
252,1.9114896941764528, ,
253,1.150367336918066, ,
254,0.0023347718763488956, ,
255,-3.5073937035241443, ,
256,-3.4809581503963045, ,

 ************, GATI FFT  : ,************ , , Removed 
0,52142.02796209599
1,1074.5602283877986
2,663.8366484169532
3,626.7536247352415
4,539.4003048172552
5,568.8256795407715
6,505.17946075207357
7,733.2186472263089
8,646.3617556966796
9,607.7680596997463
10,580.879385556532
11,521.8166706984961
12,542.4873716156978
13,541.3356150823788
14,506.24674549111484
15,466.2183562312637
16,452.3011695480633
17,469.1885938718339
18,429.24872652769153
19,434.52618175708744
20,463.5676381371118
21,426.1877746778785
22,416.91638039775654
23,376.7380643445919
24,376.8159430249221
25,343.20447654644596
26,320.2167575914755
27,325.74920450941613
28,312.77380866829157
29,306.09975943951434
30,276.69638010181944
31,287.23200051371987
32,279.70748305157474
33,285.13906961530256
34,290.7874023724446
35,380.49178949807305
36,73.07347405059129
37,172.52640084245036
38,169.6966707627909
39,148.0079603265656
40,151.6250019490847
41,152.64511487615354
42,138.48963166054935
43,134.90982303574586
44,130.3343154105584
45,112.76710529592994
46,106.98728191637353
47,90.02367660523109
48,79.97990430204591
49,86.05716143632831
50,68.008669076733
51,72.70500042622044
52,65.60443123060428
53,57.74268291341035
54,54.94612784862339
55,47.16261457694719
56,42.466479113036044
57,30.36605155276252
58,26.128781619722556
59,21.688063555086373
60,29.07787567922675
61,32.921409630915704
62,24.187205282558594
63,26.342472095659986
64,34.164739066190634
65,37.28260658667658
66,33.53941651942358
67,32.90713426095987
68,39.97877326904962
69,32.434116887092046
70,42.535659997803656
71,80.7767611585635
72,52.141373862794715
73,41.2326131001162
74,54.560075483871174
75,55.474295603162155
76,57.3895981475303
77,56.35098773671483
78,52.210939697347634
79,64.02814438376691
80,59.12310361083802
81,62.21934501539797
82,59.96079871516427
83,63.189046151790016
84,60.94483257786975
85,57.638084308252516
86,63.36428809114422
87,66.6328542917855
88,57.199888499031914
89,59.77440985696191
90,62.67483645027489
91,61.89692057281708
92,65.40965456259987
93,68.3552503660613
94,58.52642734828383
95,55.811875081281066
96,49.942126323970584
97,54.8521989481437
98,55.06380190782279
99,48.85669861732183
100,50.14916401044631
101,46.60474107732088
102,41.0566299691409
103,42.091147129662495
104,37.86411085511018
105,38.38202790384261
106,39.40856083848495
107,46.20964329233177
108,37.810391105457974
109,41.934663141488215
110,27.088545558853244
111,23.821624410153618
112,22.255755809960384
113,26.861979930431797
114,26.191784531509995
115,29.849090399716076
116,21.686096261631423
117,22.960667548875033
118,22.319286003815794
119,30.248184880150696
120,14.200215748956182
121,27.396869490961663
122,27.589008078951757
123,32.41481840746752
124,35.56045370866722
125,32.76870357238174
126,37.050402305011644
127,39.16316377853216
128,40.84138575262521
129,39.40335423751521
130,41.846734833702506
131,45.83789240820559
132,40.78557019055668
133,50.04284833421537
134,45.0445710650722
135,41.90827094477299
136,48.93148433705504
137,49.11674838938359
138,51.596658501998924
139,45.27078562867245
140,50.64555494050986
141,46.35339601238218
142,50.57396872194553
143,61.25339024630687
144,63.235753166977105
145,0.0
146,0.0
147,0.0
148,0.0
149,0.0
150,0.0
151,0.0
152,0.0
153,0.0
154,0.0
155,0.0
156,0.0
157,0.0
158,0.0
159,0.0
160,0.0
161,0.0
162,0.0
163,0.0
164,0.0
165,0.0
166,0.0
167,0.0
168,0.0
169,0.0
170,0.0
171,0.0
172,0.0
173,0.0
174,0.0
175,0.0
176,0.0
177,0.0
178,0.0
179,0.0
180,0.0
181,0.0
182,0.0
183,0.0
184,0.0
185,0.0
186,0.0
187,0.0
188,0.0
189,0.0
190,0.0
191,0.0
192,0.0
193,0.0
194,0.0
195,0.0
196,0.0
197,0.0
198,0.0
199,0.0
200,0.0
201,0.0
202,0.0
203,0.0
204,0.0
205,0.0
206,0.0
207,0.0
208,0.0
209,0.0
210,0.0
211,0.0
212,0.0
213,0.0
214,0.0
215,0.0
216,0.0
217,0.0
218,0.0
219,0.0
220,0.0
221,0.0
222,0.0
223,0.0
224,0.0
225,0.0
226,0.0
227,0.0
228,0.0
229,0.0
230,0.0
231,0.0
232,0.0
233,0.0
234,0.0
235,0.0
236,0.0
237,0.0
238,0.0
239,0.0
240,0.0
241,0.0
242,0.0
243,0.0
244,0.0
245,0.0
246,0.0
247,0.0
248,0.0
249,0.0
250,0.0
251,0.0
252,0.0
253,0.0
254,0.0
255,0.0
256,0.0
257,0.0
258,0.0
259,0.0
260,0.0
261,0.0
262,0.0
263,0.0
264,0.0
265,0.0
266,0.0
267,0.0
268,0.0
269,0.0
270,0.0
271,0.0
272,0.0
273,0.0
274,0.0
275,0.0
276,0.0
277,0.0
278,0.0
279,0.0
280,0.0
281,0.0
282,0.0
283,0.0
284,0.0
285,0.0
286,0.0
287,0.0
288,0.0
289,0.0
