**** , USER DATA ,****,
, Device Info, 
-------------------------------------
Model :SM-A505F
Device: a50
Manufacturer: samsung
Board: exynos9610
Brand: samsung
SDK or OS  : 30
versionRelease: 11
VERSION_CODE: 5
VERSION_NAME: 1.0
-------------------------------------

 Unique file Id,24646, 
 Front Face,true, 
 Sampling Rate  : 8,

Id provided by Hospital or Entered manually or Randomly generated, 
20220111_112313-SM-A505F-04, 

 ************, User Manual Data : ,************ ,  

Gender,Female,
height,10,
weight,10,
Age,29,
BPsystolic(Manual),110,
BPdiastolic(Manual),80,
heartrate(Manual),10,
Medication,0,
Place ,,

 ************ , Advance Settings ,************ , 

 ************, 
 {hsvMin=60.0, hsvMax=340.0, saturationMin=0.4, saturationMax=1.0, brightnessMin=0.0, brightnessMax=1.0} ,************ ,  

 
  ************, Calculated : ,************

BMI,999,
BMR,55,
BPsystolic,66,
BPdiastolic,88,
Heartrate,84,
Respirationrate,12,
Rythm,Pitta/Kapha(Reg),
Kathinya,14,
Kapha,16.67  %,
Vata,50.00  %,
Pitta,33.33  %,
Tala Result,0.0,
Variance Of Heart Rate,0.6220574322918387,
BSA,0.10147669720569867,
ET,252.57,
SV,-14.977841432889775,
PP,-16.679110727048748,
MPP,83.25,

 ************, KPV2 ,************
K2 , 37.86  %P2 , 31.55  %V2 , 30.59  %
PPG,


Colors Code , RED , GREEN , BLUE , H, S, V , GOOD SIGNAL HSV AVG ( per sec)  , <.1
0,35.0,1.0,0.0,18.247421,0.87782806,0.8666667,92.125,0.0
1,22.0,0.0,0.0,18.5567,0.87782806,0.8666667,225.625
2,21.0,0.0,0.0,18.341969,0.8772727,0.8627451,226.25
3,49.0,0.0,0.0,18.247421,0.88584477,0.85882354,220.125
4,83.0,0.0,0.0,17.720207,0.8812785,0.85882354,218.625
5,107.0,6.0,0.0,18.031088,0.8853211,0.85490197,216.125
6,125.0,14.0,0.0,17.8125,0.88073397,0.85490197,217.125
7,138.0,15.0,0.0,17.5,0.88073397,0.85490197,219.75
8,157.0,26.0,1.0,17.5,0.8847926,0.8509804,220.75
9,204.0,65.0,16.0,17.277487,0.8842593,0.84705883,223.875
10,226.0,85.0,27.0,17.277487,0.88018435,0.8509804,222.875
11,228.0,88.0,28.0,17.591623,0.88018435,0.8509804,222.5
12,230.0,91.0,29.0,17.8125,0.88073397,0.85490197,222.875
13,230.0,93.0,29.0,17.8125,0.8767123,0.85882354,222.875
14,229.0,92.0,29.0,17.8125,0.88073397,0.85490197,221.625
15,229.0,91.0,29.0,17.8125,0.88073397,0.85490197,222.25
16,229.0,92.0,29.0,18.125,0.8767123,0.85882354,221.0
17,229.0,93.0,30.0,18.341969,0.8772727,0.8627451,220.625
18,229.0,93.0,30.0,18.341969,0.8772727,0.8627451,221.125
19,228.0,91.0,29.0,18.031088,0.8772727,0.8627451,222.0
20,226.0,89.0,29.0,17.720207,0.8772727,0.8627451,221.125
21,226.0,88.0,28.0,18.247421,0.87782806,0.8666667,220.625
22,225.0,87.0,28.0,18.5567,0.8738739,0.87058824,221.375
23,224.0,86.0,27.0,18.5567,0.8699552,0.8745098,222.25
24,223.0,84.0,27.0,18.865978,0.8738739,0.87058824,222.75
25,221.0,82.0,26.0,18.5567,0.87782806,0.8666667,224.25
26,220.0,80.0,25.0,18.5567,0.87782806,0.8666667,226.0
27,220.0,79.0,25.0,18.5567,0.8738739,0.87058824,223.125
28,220.0,79.0,25.0,18.769232,0.8744395,0.8745098,223.25
29,220.0,80.0,25.0,18.5567,0.8699552,0.8745098,222.5
30,220.0,80.0,25.0,18.5567,0.8738739,0.87058824,222.125
31,220.0,79.0,25.0,18.461538,0.8783784,0.87058824,221.0
32,220.0,79.0,25.0,18.5567,0.8738739,0.87058824,219.75
33,220.0,80.0,25.0,18.5567,0.8738739,0.87058824,217.5
34,220.0,80.0,26.0,219.5
35,219.0,80.0,26.0,222.125
36,218.0,80.0,26.0,111.0
37,218.0,79.0,26.0
38,218.0,79.0,27.0
39,218.0,79.0,26.0
40,218.0,79.0,26.0
41,217.0,78.0,26.0
42,217.0,77.0,25.0
43,217.0,77.0,25.0
44,216.0,77.0,25.0
45,216.0,77.0,26.0
46,216.0,76.0,25.0
47,215.0,75.0,24.0
48,215.0,74.0,23.0
49,215.0,74.0,23.0
50,216.0,74.0,23.0
51,216.0,75.0,23.0
52,217.0,75.0,23.0
53,217.0,76.0,23.0
54,218.0,77.0,24.0
55,218.0,78.0,24.0
56,220.0,80.0,25.0
57,219.0,80.0,25.0
58,219.0,80.0,25.0
59,220.0,81.0,25.0
60,220.0,81.0,26.0
61,220.0,82.0,26.0
62,220.0,82.0,26.0
63,220.0,82.0,26.0
64,220.0,82.0,26.0
65,220.0,82.0,26.0
66,220.0,82.0,26.0
67,220.0,83.0,27.0
68,220.0,83.0,27.0
69,220.0,83.0,27.0
70,221.0,84.0,27.0
71,222.0,86.0,28.0
72,223.0,88.0,29.0
73,224.0,90.0,31.0
74,224.0,90.0,30.0
75,224.0,90.0,30.0
76,224.0,90.0,30.0
77,224.0,90.0,30.0
78,224.0,91.0,31.0
79,224.0,90.0,31.0
80,223.0,89.0,30.0
81,222.0,88.0,29.0
82,222.0,87.0,29.0
83,222.0,87.0,29.0
84,223.0,88.0,29.0
85,223.0,88.0,29.0
86,223.0,89.0,30.0
87,224.0,90.0,30.0
88,224.0,91.0,30.0
89,224.0,91.0,30.0
90,222.0,88.0,29.0
91,222.0,87.0,28.0
92,222.0,88.0,29.0
93,222.0,87.0,28.0
94,223.0,88.0,29.0
95,223.0,88.0,29.0
96,222.0,87.0,28.0
97,222.0,87.0,28.0
98,223.0,88.0,29.0
99,223.0,88.0,29.0
100,223.0,89.0,29.0
101,223.0,88.0,29.0
102,223.0,88.0,29.0
103,223.0,89.0,29.0
104,223.0,89.0,30.0
105,224.0,90.0,29.0
106,223.0,89.0,29.0
107,222.0,88.0,29.0
108,222.0,87.0,28.0
109,222.0,88.0,29.0
110,223.0,89.0,29.0
111,224.0,91.0,30.0
112,223.0,89.0,29.0
113,222.0,88.0,28.0
114,222.0,87.0,28.0
115,222.0,87.0,28.0
116,222.0,88.0,29.0
117,222.0,87.0,28.0
118,221.0,86.0,28.0
119,221.0,85.0,28.0
120,221.0,86.0,28.0
121,222.0,87.0,29.0
122,222.0,89.0,29.0
123,222.0,88.0,29.0
124,222.0,88.0,29.0
125,222.0,89.0,29.0
126,223.0,90.0,30.0
127,223.0,90.0,30.0
128,222.0,89.0,30.0
129,221.0,87.0,29.0
130,221.0,87.0,29.0
131,222.0,88.0,29.0
132,222.0,88.0,29.0
133,222.0,88.0,29.0
134,220.0,86.0,28.0
135,220.0,85.0,28.0
136,220.0,85.0,28.0
137,220.0,85.0,28.0
138,221.0,86.0,28.0
139,221.0,86.0,28.0
140,220.0,85.0,28.0
141,220.0,86.0,28.0
142,221.0,86.0,28.0
143,221.0,87.0,29.0
144,221.0,87.0,28.0
145,221.0,86.0,28.0
146,221.0,86.0,28.0
147,221.0,86.0,28.0
148,221.0,87.0,28.0
149,222.0,87.0,28.0
150,221.0,86.0,28.0
151,221.0,86.0,28.0
152,221.0,86.0,28.0
153,221.0,86.0,28.0
154,222.0,87.0,28.0
155,222.0,87.0,28.0
156,221.0,86.0,28.0
157,222.0,87.0,28.0
158,222.0,88.0,28.0
159,223.0,89.0,29.0
160,223.0,89.0,29.0
161,222.0,88.0,28.0
162,221.0,86.0,27.0
163,221.0,86.0,28.0
164,222.0,87.0,28.0
165,222.0,88.0,28.0
166,222.0,87.0,28.0
167,220.0,85.0,27.0
168,219.0,84.0,27.0
169,220.0,84.0,27.0
170,220.0,85.0,27.0
171,221.0,86.0,28.0
172,220.0,85.0,27.0
173,220.0,85.0,27.0
174,221.0,86.0,27.0
175,221.0,87.0,28.0
176,222.0,88.0,28.0
177,222.0,88.0,28.0
178,221.0,87.0,28.0
179,221.0,87.0,28.0
180,221.0,87.0,28.0
181,221.0,88.0,28.0
182,222.0,89.0,29.0
183,222.0,89.0,29.0
184,221.0,88.0,29.0
185,222.0,90.0,30.0
186,223.0,91.0,31.0
187,222.0,90.0,30.0
188,223.0,90.0,30.0
189,221.0,88.0,29.0
190,222.0,88.0,29.0
191,222.0,89.0,29.0
192,223.0,91.0,30.0
193,224.0,91.0,30.0
194,222.0,90.0,29.0
195,222.0,89.0,29.0
196,222.0,89.0,29.0
197,223.0,90.0,30.0
198,224.0,91.0,30.0
199,223.0,91.0,30.0
200,222.0,89.0,29.0
201,223.0,90.0,29.0
202,224.0,91.0,30.0
203,225.0,93.0,30.0
204,225.0,94.0,31.0
205,224.0,92.0,30.0
206,224.0,91.0,29.0
207,224.0,92.0,30.0
208,225.0,93.0,31.0
209,226.0,96.0,32.0
210,227.0,97.0,33.0
211,226.0,96.0,31.0
212,226.0,95.0,31.0
213,226.0,96.0,31.0
214,226.0,96.0,32.0
215,226.0,96.0,32.0
216,225.0,95.0,31.0
217,223.0,91.0,29.0
218,223.0,90.0,29.0
219,223.0,91.0,29.0
220,224.0,92.0,30.0
221,224.0,92.0,30.0
222,223.0,90.0,28.0
223,222.0,88.0,27.0
224,223.0,89.0,28.0
225,223.0,90.0,28.0
226,224.0,92.0,29.0
227,224.0,92.0,29.0
228,223.0,89.0,28.0
229,222.0,89.0,27.0
230,223.0,89.0,28.0
231,223.0,90.0,28.0
232,224.0,91.0,28.0
233,223.0,90.0,28.0
234,222.0,88.0,27.0
235,222.0,88.0,27.0
236,222.0,88.0,27.0
237,223.0,89.0,28.0
238,224.0,90.0,28.0
239,222.0,88.0,27.0
240,222.0,87.0,26.0
241,222.0,88.0,27.0
242,223.0,89.0,27.0
243,224.0,90.0,28.0
244,223.0,89.0,28.0
245,221.0,86.0,26.0
246,221.0,85.0,26.0
247,221.0,86.0,26.0
248,222.0,87.0,27.0
249,222.0,88.0,27.0
250,221.0,86.0,26.0
251,221.0,85.0,26.0
252,221.0,85.0,26.0
253,221.0,86.0,27.0
254,221.0,86.0,27.0
255,221.0,86.0,27.0
256,220.0,84.0,26.0
257,220.0,84.0,26.0
258,220.0,85.0,26.0
259,221.0,86.0,27.0
260,221.0,87.0,27.0
261,220.0,86.0,27.0
262,219.0,84.0,25.0
263,219.0,83.0,26.0
264,218.0,83.0,25.0
265,218.0,83.0,26.0
266,218.0,82.0,26.0
267,217.0,81.0,25.0
268,216.0,80.0,25.0
269,217.0,81.0,26.0
270,217.0,82.0,26.0
271,218.0,83.0,26.0
272,219.0,84.0,27.0
273,218.0,83.0,26.0
274,218.0,83.0,26.0
275,219.0,85.0,27.0
276,220.0,86.0,27.0
277,220.0,86.0,27.0
278,220.0,85.0,27.0
279,220.0,84.0,27.0
280,221.0,86.0,27.0
281,222.0,88.0,28.0
282,223.0,89.0,29.0
283,222.0,89.0,28.0
284,221.0,87.0,27.0
285,221.0,87.0,27.0
286,222.0,88.0,28.0
287,223.0,89.0,28.0
288,223.0,89.0,29.0
289,222.0,88.0,28.0
290,222.0,87.0,27.0
291,222.0,88.0,28.0
292,222.0,88.0,28.0

 ************, After Bandpass: ,************
central frequency  ,2.25 
Width frequency  , 3.16 

 ************, PPG Signal : ,************ , , Removed 
0,0.5281968735293958, ,,-35.0
1,-0.03401158823771766, ,,-22.0
2,-0.5985970416097643, ,,-21.0
3,-1.1531605544187187, ,,-49.0
4,-0.5563424855004087, ,,-83.0
5,0.1103056573788308, ,,-107.0
6,0.12818997171325464, ,,-125.0
7,0.4908800011294261, ,,-138.0
8,-0.38437087990064356, ,,-157.0
9,-0.027146019486735895, ,,127.38732499594398
10,0.2110686797584549, ,,107.90855186703962
11,-0.3131675214583538, ,,-3.2421296870606255
12,-0.1658229033007501, ,,-9.936080503859046
13,0.3600175122994642, ,,-55.21790677268052
14,-0.3844100777653239, ,,-42.38224059713957
15,-0.027424766160720537, ,,-49.9538030627408
16,0.31546153849876646, ,,-33.10502012944994
17,0.9599321147995852, ,,-26.59613426961232
18,0.863611052115175, ,,-16.51844287660424
19,0.8488376556927051, ,,-8.235683107269779
20,0.671738209702653, ,,-6.853133649985466
21,0.43851156952200654, ,,1.3026042593637612
22,0.3451875575815393, ,,-0.6936511442313531
23,0.7323929891986154, ,,4.21927116148413
24,-0.04473160547877342, ,,0.3547971798243452
25,-1.21437775463437, ,,3.252728537536541
26,0.1983610791658066, ,,-0.43366476650658115
27,-0.4052272846533924, ,,3.232014694899135
28,-0.3973583982001401, ,,0.7177034099388493
29,-0.459571956095715, ,,2.595636167904104
30,-0.4235640358992896, ,,0.5610196783050014
31,-0.2606986265072919, ,,1.438691491779764
32,-0.27310585733698645, ,,0.18102877564433584
33,-0.06648139462663494, ,
34,-0.1332064051453017, ,
35,0.041384827322190176, ,
36,-0.052426589906417576, ,
37,0.6969303564796974, ,
38,1.0670700497398684, ,
39,1.0762358204651719, ,
40,0.9533184542028721, ,
41,0.10812720873582293, ,
42,-0.5738956336203955, ,
43,-0.6973034302623091, ,
44,-0.8037527230103478, ,
45,-0.6367095774091922, ,
46,-0.5365802602545955, ,
47,-0.9679648765893489, ,
48,-1.3147938758422697, ,
49,-0.4973581901720081, ,
50,0.08590927467116671, ,
51,0.9539326024469119, ,
52,0.9429565145160268, ,
53,0.36219352507191616, ,
54,0.9743460333531857, ,
55,0.469118336841575, ,
56,-0.036559815261853146, ,
57,-1.4130790678307221, ,
58,-1.2624748344765067, ,
59,-0.13365579862420418, ,
60,-0.19052955733104682, ,
61,0.9742511940053191, ,
62,0.6519947098800003, ,
63,-0.3333059224748922, ,
64,-0.29567392984699836, ,
65,0.6407309727733264, ,
66,0.47521723472846134, ,
67,0.04716656393361518, ,
68,0.050375740508115996, ,
69,-0.17251240467476237, ,
70,-0.08429852980634678, ,
71,-0.17802943531432902, ,
72,0.544467528347468, ,
73,-0.2732948817367742, ,
74,-1.1980730480872808, ,
75,-0.4868856319437782, ,
76,-0.1554010988211303, ,
77,0.7641212622002058, ,
78,1.311627880490505, ,
79,0.03547854482121693, ,
80,-0.9627174003840082, ,
81,-0.5183697216630208, ,
82,-0.16880109952899147, ,
83,0.00850669377223312, ,
84,0.14943144712719914, ,
85,-0.46463289622488446, ,
86,-0.27474179266687315, ,
87,0.20549273968435955, ,
88,0.7980260285057739, ,
89,0.7966055855472405, ,
90,0.1551594634615867, ,
91,0.18474972328021977, ,
92,-0.12421119890905175, ,
93,0.5551242840774648, ,
94,0.30123325407885204, ,
95,-0.8134254705828425, ,
96,-1.2371704180709457, ,
97,-0.7462393750092815, ,
98,0.5417373377185868, ,
99,0.5127800354853207, ,
100,0.2471391662629685, ,
101,-1.0410439772681457, ,
102,-0.8787542661521002, ,
103,0.17571084254723246, ,
104,0.06393949928542497, ,
105,1.129037840327328, ,
106,0.7622489800667154, ,
107,-0.29445898744552323, ,
108,-0.27353619139239527, ,
109,0.6256322714853013, ,
110,0.46295153362848396, ,
111,0.020741963002365083, ,
112,0.03392712514869345, ,
113,-0.19184648307168573, ,
114,-0.09453121380556695, ,
115,-0.18724429832559508, ,
116,0.5405916775555397, ,
117,-0.27550053102140737, ,
118,-0.5740177197437788, ,
119,-0.024248105846709223, ,
120,-0.22655427314543886, ,
121,0.714273928036846, ,
122,0.4187300231408244, ,
123,-0.5991932696572349, ,
124,0.13737698001409626, ,
125,0.322871403945328, ,
126,0.4685005010790064, ,
127,0.4751285243100938, ,
128,-0.8928899673369415, ,
129,-1.2136068843815337, ,
130,-0.7880289265085594, ,
131,0.502089796147402, ,
132,0.5116252612133394, ,
133,0.19160734007095925, ,
134,-1.0148822422956982, ,
135,-1.5543072116367966, ,
136,0.3754841150125685, ,
137,0.556965844431943, ,
138,1.1442316883076273, ,
139,0.32591217123558636, ,
140,-0.19859797100843934, ,
141,0.9110213026137899, ,
142,0.3745258039621149, ,
143,0.7373969956217934, ,
144,0.3724405950338223, ,
145,-0.8774368647068513, ,
146,-0.6999151247832742, ,
147,-0.39647130831963295, ,
148,-0.25326479901787025, ,
149,0.5465951775065605, ,
150,0.4496999752550437, ,
151,-0.6432734296888611, ,
152,0.17761329183940688, ,
153,0.9584072159404968, ,
154,-0.2945357522753511, ,
155,0.13123779962506887, ,
156,-0.9594721503524397, ,
157,-0.6383591109404279, ,
158,0.5095670741272897, ,
159,0.2891864289983914, ,
160,1.4196686042719193, ,
161,-1.0088818580934458, ,
162,-0.8798488277161596, ,
163,-0.2191476761731792, ,
164,0.32958990637348506, ,
165,1.2458318351441449, ,
166,-0.26613670853635085, ,
167,-0.9691629954099881, ,
168,-0.051512482239559176, ,
169,0.9500891311486157, ,
170,0.9630136252840202, ,
171,0.5268690621483074, ,
172,-0.8663458402184006, ,
173,-0.7434374111790021, ,
174,-0.448359334122415, ,
175,0.2777658235220315, ,
176,0.9683227912530583, ,
177,0.9245711082196522, ,
178,-0.24393339752600696, ,
179,-0.8352985756773705, ,
180,-0.34408702557789184, ,
181,-0.5736832016359585, ,
182,-0.20053149475620557, ,
183,-0.8914582608490491, ,
184,-1.7729942876098903, ,
185,-0.9143322418763091, ,
186,0.19933877549169665, ,
187,1.0276307608201023, ,
188,1.1893290008622444, ,
189,-0.07195993778532284, ,
190,-0.5584133756476604, ,
191,0.3940605425816557, ,
192,0.6920875659245667, ,
193,0.8465373125579845, ,
194,0.7816300395656981, ,
195,-0.6333761258251798, ,
196,-1.0626244265072273, ,
197,-0.04491073621647956, ,
198,0.3734052249433262, ,
199,0.6327508931383363, ,
200,0.028988689019115554, ,
201,-1.1473425941419464, ,
202,-0.38429555210223043, ,
203,-0.13498009645945785, ,
204,0.7544729368114531, ,
205,1.325396476831429, ,
206,-0.6416607114251747, ,
207,-0.780258385902016, ,
208,-0.04179882649350475, ,
209,0.4612253784944187, ,
210,1.2665160979718166, ,
211,-0.1529516784603402, ,
212,-1.6590067520255616, ,
213,-1.048700256240636, ,
214,-0.1557604070671914, ,
215,0.6938074596903334, ,
216,0.8364195223903153, ,
217,-0.3187913748070059, ,
218,-0.13984656293314401, ,
219,0.11886445653544797, ,
220,0.08320941023384876, ,
221,0.21975606911905743, ,
222,0.09843155816588478, ,
223,-0.4527104018677619, ,
224,-0.41329194288368853, ,
225,0.16634294984260123, ,
226,0.6801477377077845, ,
227,0.7678793764316652, ,
228,-0.5376248783811661, ,
229,-0.9096672098530689, ,
230,-0.5415168254091896, ,
231,-0.5670313374989746, ,
232,-0.3056976528769155, ,
233,0.40353498653576025, ,
234,-0.272025513774679, ,
235,-0.5465995530253167, ,
236,0.6311991715369913, ,
237,0.9354745461364473, ,
238,1.118812565879125, ,
239,1.614219197223747, ,
240,-0.004258261835502708, ,
241,-0.4008536156468381, ,
242,0.4284042533329284, ,
243,0.6911266550482651, ,
244,0.24687139461821062, ,
245,-0.3711063213113448, ,
246,-0.3683218256176133, ,
247,0.0696905584823071, ,
248,0.7025359379542806, ,
249,0.6296889453346921, ,
250,-0.5039967269108274, ,
251,-1.651588018261009, ,
252,-0.95763534896696, ,
253,0.048411418149498786, ,
254,0.8781552082557482, ,
255,0.38927535974835337, ,
256,-0.6454531715216945, ,
257,-0.6005950592136742, ,
258,-0.22645632916305658, ,
259,-0.1761834364842798, ,

 ************, GATI FFT  : ,************ , , Removed 
0,63683.00002144496
1,1338.6694869982746
2,1317.7521349082845
3,996.2761369925763
4,1047.5860617781448
5,1212.3941180519203
6,1222.5619658751943
7,1224.727473122494
8,1217.3048183091485
9,1216.0295045937244
10,1167.260939520822
11,1137.2443669912948
12,1122.726797316632
13,1076.2513085324435
14,1010.0688274502606
15,947.639170418108
16,875.9570717851632
17,801.3251254283371
18,807.5485776577328
19,766.7715593182206
20,702.7655117561088
21,633.5031894767817
22,614.8060231877174
23,590.910099448141
24,511.01972370457634
25,487.2273785244759
26,461.41544022555473
27,407.8225180522617
28,368.89304646230045
29,339.04420117451303
30,339.11853603408025
31,310.69820746036714
32,281.8398613886383
33,295.1443520827571
34,270.50776422197714
35,272.1737641739997
36,281.2173811430973
37,275.6305991798278
38,273.23339410306085
39,287.52494515502616
40,279.3617655877986
41,283.23223444504646
42,291.9752680873352
43,290.0081012602067
44,301.58599621545693
45,279.32779776707196
46,290.3228738592458
47,283.6598493999966
48,269.5952775646194
49,275.10420768364463
50,268.39096962257383
51,234.9353289966306
52,208.15606289489895
53,244.29205694140737
54,218.83381430176019
55,216.048040982067
56,193.90205382042467
57,180.2726047239634
58,173.38714435935805
59,164.78963941687917
60,152.27619644554588
61,134.12065928867355
62,134.31800800061913
63,109.64795982885352
64,100.04201819378349
65,109.16012004725258
66,105.53377623575304
67,99.28235439025485
68,102.48162646917517
69,101.97638599659493
70,104.0461722975282
71,111.58589675339
72,122.34813250880116
73,126.99888693604484
74,121.77168823111568
75,131.20149446717872
76,127.91799422409584
77,130.7949710732757
78,130.5331674002107
79,132.15548819074866
80,131.96812107275184
81,131.27857770569366
82,133.94960081480403
83,123.91405617430108
84,113.76872009669836
85,114.04391061205716
86,120.13231309772112
87,106.59692991891868
88,110.0259029811426
89,101.74330056801571
90,93.37863764264931
91,100.00660589729223
92,98.0366510286156
93,80.62000750954606
94,89.12955629594354
95,71.3736692788789
96,79.29272460079883
97,76.2698757318528
98,78.5698603582488
99,81.39629719815213
100,87.29572443626357
101,87.21686198292093
102,97.30120546364078
103,99.67862597009594
104,104.33132238009216
105,100.74803276547583
106,92.11204345977237
107,118.04653642436085
108,100.66963301973936
109,106.76448776228982
110,106.67579215378892
111,97.65358668229283
112,105.00918852396275
113,113.56094804930298
114,103.56416411945153
115,108.42373485937011
116,102.87808026716655
117,102.14326248155992
118,101.8613466898347
119,103.62406817686559
120,91.76124850880662
121,97.35731995334604
122,91.89743692690215
123,88.05700331279961
124,94.316579787822
125,80.35888732027212
126,85.6347848257263
127,94.33961274289098
128,83.1151444252872
129,88.23293167260258
130,86.85020342101271
131,84.6712427683222
132,86.13438960186538
133,95.09576168772789
134,85.12569117515497
135,88.75582115459183
136,88.53245847495513
137,88.55221614751224
138,92.3115475165015
139,93.85917321813176
140,90.43436010596702
141,95.66276178671856
142,98.83257331591024
143,101.79151972308824
144,99.3419983791966
145,92.92142827300869
146,100.40212528628498
147,0.0
148,0.0
149,0.0
150,0.0
151,0.0
152,0.0
153,0.0
154,0.0
155,0.0
156,0.0
157,0.0
158,0.0
159,0.0
160,0.0
161,0.0
162,0.0
163,0.0
164,0.0
165,0.0
166,0.0
167,0.0
168,0.0
169,0.0
170,0.0
171,0.0
172,0.0
173,0.0
174,0.0
175,0.0
176,0.0
177,0.0
178,0.0
179,0.0
180,0.0
181,0.0
182,0.0
183,0.0
184,0.0
185,0.0
186,0.0
187,0.0
188,0.0
189,0.0
190,0.0
191,0.0
192,0.0
193,0.0
194,0.0
195,0.0
196,0.0
197,0.0
198,0.0
199,0.0
200,0.0
201,0.0
202,0.0
203,0.0
204,0.0
205,0.0
206,0.0
207,0.0
208,0.0
209,0.0
210,0.0
211,0.0
212,0.0
213,0.0
214,0.0
215,0.0
216,0.0
217,0.0
218,0.0
219,0.0
220,0.0
221,0.0
222,0.0
223,0.0
224,0.0
225,0.0
226,0.0
227,0.0
228,0.0
229,0.0
230,0.0
231,0.0
232,0.0
233,0.0
234,0.0
235,0.0
236,0.0
237,0.0
238,0.0
239,0.0
240,0.0
241,0.0
242,0.0
243,0.0
244,0.0
245,0.0
246,0.0
247,0.0
248,0.0
249,0.0
250,0.0
251,0.0
252,0.0
253,0.0
254,0.0
255,0.0
256,0.0
257,0.0
258,0.0
259,0.0
260,0.0
261,0.0
262,0.0
263,0.0
264,0.0
265,0.0
266,0.0
267,0.0
268,0.0
269,0.0
270,0.0
271,0.0
272,0.0
273,0.0
274,0.0
275,0.0
276,0.0
277,0.0
278,0.0
279,0.0
280,0.0
281,0.0
282,0.0
283,0.0
284,0.0
285,0.0
286,0.0
287,0.0
288,0.0
289,0.0
290,0.0
291,0.0
292,0.0
