**** , USER DATA ,****,
, Device Info, 
-------------------------------------
Model :SM-A505F
Device: a50
Manufacturer: samsung
Board: exynos9610
Brand: samsung
SDK or OS  : 30
versionRelease: 11
VERSION_CODE: 5
VERSION_NAME: 1.0
-------------------------------------

 Unique file Id,76235, 
 Front Face,true, 
 Sampling Rate  : 8,

Id provided by Hospital or Entered manually or Randomly generated, 
20220111_112313-SM-A505F-02, 

 ************, User Manual Data : ,************ ,  

Gender,Male,
height,10,
weight,10,
Age,29,
BPsystolic(Manual),140,
BPdiastolic(Manual),100,
heartrate(Manual),10,
Medication,0,
Place ,,

 ************ , Advance Settings ,************ , 

 ************, 
 {hsvMin=60.0, hsvMax=340.0, saturationMin=0.4, saturationMax=1.0, brightnessMin=0.0, brightnessMax=1.0} ,************ ,  

 
  ************, Calculated : ,************

BMI,999,
BMR,55,
BPsystolic,79,
BPdiastolic,96,
Heartrate,79,
Respirationrate,12,
Rythm,Pitta/Kapha(Reg),
Kathinya,13,
Kapha,16.67  %,
Vata,50.00  %,
Pitta,33.33  %,
Tala Result,0.002250374915129881,
Variance Of Heart Rate,0.6555295012373017,
BSA,0.10147669720569867,
ET,252.57,
SV,-11.877841432889774,
PP,-12.938825090293872,
MPP,92.5,

 ************, KPV2 ,************
K2 , 32.09  %P2 , 31.41  %V2 , 36.50  %
PPG,


Colors Code , RED , GREEN , BLUE , H, S, V , GOOD SIGNAL HSV AVG ( per sec)  , <.1
0,110.0,60.0,36.0,22.025316,0.4247312,0.7294118,178.875,0.0
1,124.0,78.0,52.0,22.025316,0.4247312,0.7294118,180.5,0.0
2,135.0,90.0,64.0,22.025316,0.4224599,0.73333335,179.0,0.0
3,145.0,99.0,74.0,22.025316,0.4224599,0.73333335,189.625
4,174.0,121.0,96.0,22.78481,0.4224599,0.73333335,189.375
5,181.0,127.0,102.0,22.025316,0.4224599,0.73333335,187.75
6,185.0,131.0,105.0,22.025316,0.4224599,0.73333335,189.125
7,188.0,136.0,111.0,22.025316,0.4224599,0.73333335,190.125
8,189.0,137.0,111.0,22.025316,0.4224599,0.73333335,190.625
9,189.0,136.0,110.0,22.78481,0.4224599,0.73333335,191.625
10,187.0,133.0,107.0,22.78481,0.4224599,0.73333335,192.0
11,184.0,130.0,104.0,22.307693,0.41935483,0.7294118,189.25
12,182.0,127.0,101.0,22.025316,0.4247312,0.7294118,189.375
13,175.0,123.0,96.0,22.025316,0.4247312,0.7294118,189.625
14,173.0,124.0,98.0,22.307693,0.41935483,0.7294118,190.25
15,175.0,126.0,100.0,22.025316,0.4224599,0.73333335,188.875
16,179.0,130.0,104.0,22.025316,0.4224599,0.73333335,186.75
17,182.0,132.0,105.0,22.307693,0.41935483,0.7294118,185.375
18,182.0,132.0,106.0,22.78481,0.4247312,0.7294118,185.5
19,183.0,133.0,106.0,22.307693,0.41935483,0.7294118,185.75
20,179.0,132.0,105.0,22.307693,0.41935483,0.7294118,186.25
21,171.0,127.0,100.0,22.025316,0.4224599,0.73333335,187.0
22,175.0,130.0,103.0,22.025316,0.4224599,0.73333335,186.625
23,179.0,133.0,105.0,22.307693,0.41935483,0.7294118,187.0
24,181.0,135.0,107.0,22.307693,0.41935483,0.7294118,187.0
25,180.0,134.0,106.0,22.307693,0.41935483,0.7294118,187.0
26,179.0,132.0,105.0,22.025316,0.4224599,0.73333335,186.75
27,188.0,136.0,108.0,22.78481,0.4224599,0.73333335,187.0
28,194.0,140.0,113.0,22.025316,0.4224599,0.73333335,187.0
29,196.0,142.0,114.0,22.78481,0.4247312,0.7294118,186.125
30,195.0,140.0,112.0,22.307693,0.41935483,0.7294118,185.875
31,194.0,138.0,111.0,22.307693,0.41935483,0.7294118,186.125
32,191.0,135.0,108.0,22.78481,0.4224599,0.73333335,187.0
33,192.0,136.0,109.0,186.375
34,191.0,134.0,107.0,186.25
35,190.0,132.0,106.0,163.25
36,188.0,130.0,104.0
37,188.0,129.0,103.0
38,189.0,130.0,104.0
39,189.0,129.0,103.0
40,188.0,127.0,102.0
41,188.0,127.0,102.0
42,188.0,127.0,102.0
43,188.0,126.0,102.0
44,187.0,125.0,100.0
45,188.0,124.0,100.0
46,187.0,124.0,99.0
47,188.0,124.0,99.0
48,188.0,124.0,100.0
49,188.0,124.0,99.0
50,188.0,124.0,99.0
51,189.0,124.0,99.0
52,189.0,124.0,99.0
53,189.0,125.0,100.0
54,190.0,125.0,100.0
55,190.0,125.0,100.0
56,190.0,125.0,100.0
57,190.0,125.0,100.0
58,190.0,125.0,100.0
59,190.0,125.0,100.0
60,190.0,126.0,101.0
61,191.0,127.0,101.0
62,190.0,126.0,101.0
63,190.0,126.0,101.0
64,190.0,127.0,101.0
65,191.0,128.0,102.0
66,191.0,128.0,102.0
67,191.0,128.0,102.0
68,190.0,127.0,102.0
69,190.0,127.0,101.0
70,190.0,127.0,101.0
71,191.0,128.0,102.0
72,191.0,129.0,103.0
73,192.0,129.0,103.0
74,191.0,129.0,103.0
75,191.0,129.0,103.0
76,191.0,129.0,103.0
77,192.0,129.0,103.0
78,192.0,130.0,104.0
79,192.0,131.0,104.0
80,192.0,130.0,104.0
81,192.0,130.0,104.0
82,192.0,130.0,104.0
83,192.0,131.0,104.0
84,193.0,132.0,105.0
85,193.0,132.0,106.0
86,193.0,133.0,106.0
87,192.0,132.0,105.0
88,189.0,130.0,102.0
89,189.0,130.0,102.0
90,189.0,130.0,103.0
91,190.0,131.0,103.0
92,190.0,131.0,103.0
93,189.0,131.0,103.0
94,189.0,130.0,103.0
95,189.0,130.0,103.0
96,189.0,131.0,103.0
97,190.0,131.0,104.0
98,190.0,132.0,104.0
99,189.0,131.0,104.0
100,189.0,131.0,103.0
101,189.0,130.0,103.0
102,189.0,131.0,103.0
103,189.0,131.0,104.0
104,190.0,132.0,104.0
105,189.0,132.0,104.0
106,189.0,131.0,104.0
107,189.0,131.0,104.0
108,190.0,132.0,104.0
109,190.0,132.0,104.0
110,190.0,133.0,105.0
111,190.0,133.0,105.0
112,190.0,133.0,105.0
113,190.0,133.0,105.0
114,190.0,133.0,105.0
115,190.0,134.0,105.0
116,191.0,134.0,106.0
117,191.0,134.0,106.0
118,190.0,134.0,105.0
119,190.0,134.0,106.0
120,190.0,134.0,106.0
121,190.0,135.0,106.0
122,191.0,135.0,107.0
123,190.0,135.0,106.0
124,190.0,134.0,106.0
125,187.0,132.0,103.0
126,187.0,132.0,104.0
127,188.0,133.0,104.0
128,188.0,133.0,105.0
129,187.0,132.0,104.0
130,187.0,131.0,103.0
131,186.0,131.0,103.0
132,187.0,131.0,103.0
133,187.0,132.0,104.0
134,187.0,132.0,104.0
135,187.0,132.0,104.0
136,186.0,131.0,103.0
137,186.0,131.0,103.0
138,186.0,131.0,103.0
139,186.0,131.0,103.0
140,186.0,131.0,103.0
141,185.0,131.0,103.0
142,185.0,129.0,102.0
143,184.0,129.0,101.0
144,185.0,129.0,101.0
145,185.0,130.0,102.0
146,185.0,131.0,102.0
147,185.0,130.0,102.0
148,185.0,130.0,102.0
149,185.0,130.0,102.0
150,186.0,131.0,103.0
151,186.0,132.0,103.0
152,187.0,132.0,104.0
153,186.0,132.0,103.0
154,186.0,131.0,103.0
155,185.0,131.0,103.0
156,186.0,132.0,103.0
157,186.0,132.0,103.0
158,186.0,132.0,104.0
159,186.0,132.0,104.0
160,185.0,132.0,103.0
161,185.0,132.0,104.0
162,186.0,133.0,104.0
163,186.0,133.0,105.0
164,187.0,134.0,105.0
165,187.0,134.0,106.0
166,186.0,134.0,105.0
167,186.0,134.0,106.0
168,187.0,135.0,106.0
169,187.0,135.0,106.0
170,187.0,135.0,106.0
171,187.0,135.0,106.0
172,187.0,135.0,106.0
173,187.0,135.0,106.0
174,187.0,135.0,106.0
175,187.0,135.0,106.0
176,187.0,136.0,107.0
177,187.0,136.0,107.0
178,186.0,135.0,106.0
179,186.0,135.0,106.0
180,186.0,135.0,106.0
181,187.0,136.0,106.0
182,187.0,136.0,107.0
183,187.0,136.0,107.0
184,187.0,136.0,107.0
185,187.0,136.0,107.0
186,187.0,136.0,107.0
187,187.0,137.0,107.0
188,187.0,137.0,108.0
189,187.0,137.0,108.0
190,187.0,137.0,108.0
191,187.0,137.0,107.0
192,187.0,137.0,107.0
193,187.0,137.0,107.0
194,187.0,137.0,108.0
195,187.0,137.0,108.0
196,187.0,137.0,108.0
197,187.0,137.0,107.0
198,187.0,137.0,107.0
199,187.0,137.0,108.0
200,187.0,137.0,108.0
201,187.0,137.0,108.0
202,187.0,137.0,108.0
203,187.0,137.0,108.0
204,187.0,137.0,108.0
205,187.0,137.0,108.0
206,187.0,137.0,108.0
207,187.0,138.0,108.0
208,187.0,137.0,108.0
209,186.0,136.0,107.0
210,186.0,137.0,107.0
211,187.0,137.0,108.0
212,187.0,137.0,108.0
213,187.0,138.0,108.0
214,187.0,137.0,108.0
215,187.0,137.0,107.0
216,187.0,137.0,107.0
217,187.0,137.0,108.0
218,187.0,137.0,108.0
219,187.0,137.0,108.0
220,187.0,137.0,108.0
221,187.0,137.0,108.0
222,187.0,137.0,108.0
223,187.0,137.0,108.0
224,187.0,138.0,108.0
225,187.0,138.0,109.0
226,187.0,137.0,108.0
227,187.0,138.0,108.0
228,187.0,138.0,108.0
229,187.0,138.0,109.0
230,188.0,138.0,109.0
231,187.0,138.0,108.0
232,186.0,136.0,107.0
233,186.0,136.0,107.0
234,186.0,137.0,108.0
235,186.0,137.0,108.0
236,187.0,137.0,108.0
237,186.0,136.0,107.0
238,186.0,135.0,106.0
239,186.0,135.0,107.0
240,186.0,136.0,107.0
241,186.0,136.0,107.0
242,186.0,136.0,107.0
243,186.0,135.0,107.0
244,185.0,135.0,106.0
245,186.0,135.0,107.0
246,186.0,136.0,107.0
247,186.0,136.0,107.0
248,186.0,136.0,107.0
249,186.0,135.0,106.0
250,186.0,136.0,107.0
251,186.0,136.0,107.0
252,186.0,136.0,107.0
253,187.0,137.0,108.0
254,186.0,137.0,108.0
255,186.0,136.0,107.0
256,186.0,136.0,107.0
257,187.0,137.0,108.0
258,187.0,137.0,108.0
259,187.0,138.0,108.0
260,187.0,137.0,108.0
261,187.0,137.0,108.0
262,187.0,137.0,108.0
263,187.0,137.0,108.0
264,187.0,138.0,108.0
265,187.0,138.0,108.0
266,186.0,137.0,108.0
267,186.0,136.0,107.0
268,186.0,136.0,107.0
269,186.0,137.0,108.0
270,187.0,137.0,108.0
271,187.0,137.0,108.0
272,186.0,137.0,108.0
273,186.0,137.0,107.0
274,186.0,137.0,108.0
275,186.0,137.0,108.0
276,187.0,137.0,108.0
277,187.0,137.0,108.0
278,186.0,137.0,108.0
279,186.0,137.0,108.0
280,186.0,137.0,108.0
281,187.0,137.0,108.0
282,187.0,138.0,108.0
283,187.0,137.0,108.0
284,186.0,137.0,107.0
285,186.0,137.0,108.0
286,186.0,137.0,108.0
287,187.0,138.0,108.0

 ************, After Bandpass: ,************
central frequency  ,2.25 
Width frequency  , 3.16 

 ************, PPG Signal : ,************ , , Removed 
0,-4.199474807222941, ,,-110.0
1,-2.6967571714012593, ,,-124.0
2,-2.9192722474675747, ,,-135.0
3,-1.9804417420305072, ,,-145.0
4,-1.214294811332934, ,,-174.0
5,1.48139850523728, ,,-181.0
6,1.1528169019005645, ,,-185.0
7,0.7199456539716493, ,,-188.0
8,0.42011041564387597, ,,-189.0
9,0.8097302202739911, ,,118.02060992271281
10,0.47563737704456344, ,,85.99749134597508
11,-0.12227677134274018, ,,-16.366311858006114
12,0.45182933542093906, ,,-12.244669623085656
13,0.09786572593532128, ,,-55.80389135265432
14,0.2623584482479373, ,,-36.62118376885394
15,0.7507950275540907, ,,-39.61551620616865
16,-0.08274281727858579, ,,-19.989854124824205
17,0.191411438162163, ,,-14.373129871293372
18,0.44968657388801603, ,,-8.784110728317955
19,0.4092084412746999, ,,-3.0990737513558315
20,-0.1964319101602996, ,,-5.806609552113173
21,0.45734534500093105, ,,-5.0582806009753085
22,0.15280715203925865, ,,-2.3722944284667165
23,-0.3509313703277712, ,,8.35465143850422
24,-0.24915536510513903, ,,3.346086396840292
25,-0.48019791988417637, ,,5.545392441857189
26,-0.23552754908223505, ,,-1.1403506660224139
27,-0.3399926043364303, ,,7.645903068673988
28,0.514227783064598, ,,6.5727084560102185
29,-0.3320494708414117, ,,4.231379581211968
30,-0.5457942190565745, ,,-1.6180104260442931
31,-0.03456374142979257, ,,-3.6888165021831583
32,0.43629902718976155, ,,-6.118929568339922
33,0.5552259694189843, ,
34,-0.08637226581254254, ,
35,-0.5747599155736225, ,
36,-0.6898190938968582, ,
37,-0.04245056718264095, ,
38,0.49854641995591464, ,
39,0.6133846414873005, ,
40,0.6462168698798223, ,
41,-0.06989610184962203, ,
42,-0.6756747975449571, ,
43,-0.08305490858140274, ,
44,0.2805421906814445, ,
45,0.4281798592244286, ,
46,-0.17417013225770006, ,
47,-0.05929337476663932, ,
48,-0.24435129381220122, ,
49,-0.18522991724262283, ,
50,-0.15158343938287544, ,
51,0.4656308651448171, ,
52,0.4194637089085518, ,
53,-0.17249138142403808, ,
54,-0.6497112691939719, ,
55,-2.660333547759137, ,
56,-1.4368956956709553, ,
57,0.014510146312545658, ,
58,0.9610910709629934, ,
59,1.3108783260960308, ,
60,0.014446781163087508, ,
61,0.24153892448202896, ,
62,0.3159158353840894, ,
63,0.2855264880550976, ,
64,0.9066622104976432, ,
65,0.6289182360079622, ,
66,-0.5347070978618831, ,
67,-0.4623359518878942, ,
68,-0.13269964478297425, ,
69,-0.13631071843667542, ,
70,0.06199089679819281, ,
71,0.6321028176257641, ,
72,-0.05790721257517362, ,
73,-0.493025734739831, ,
74,0.09892327777777155, ,
75,0.4366125632479907, ,
76,0.5954296787820113, ,
77,-0.1052799545614107, ,
78,0.04521081014945594, ,
79,-0.2438896800455268, ,
80,-0.13258725175444397, ,
81,-0.18257425213869283, ,
82,-0.13526641410771845, ,
83,0.5473360949705466, ,
84,0.37180616320188165, ,
85,-0.696022790609959, ,
86,-0.5636092625135234, ,
87,-0.1614161709005657, ,
88,-0.15095736164857954, ,
89,0.713897072792065, ,
90,-0.1406868984150833, ,
91,-0.39265763510104534, ,
92,-1.7982204073475714, ,
93,-1.4981514503253948, ,
94,0.9703760589312651, ,
95,0.6223392400600005, ,
96,0.20974385508770865, ,
97,0.04730462801830981, ,
98,-0.1134626629406057, ,
99,0.4780182633619461, ,
100,0.9233389990602063, ,
101,0.24545549522156307, ,
102,0.39487754156039045, ,
103,-0.5681493332442642, ,
104,-0.3934548062883323, ,
105,0.05345743299938022, ,
106,-0.021128688730527756, ,
107,0.2520553327562993, ,
108,-0.5525697484815737, ,
109,-0.2317484936023675, ,
110,-0.5039279628908844, ,
111,0.3563639982863833, ,
112,0.8102730708949366, ,
113,0.21874449253550665, ,
114,0.4233057889103975, ,
115,0.05793992345547849, ,
116,0.1406513343115421, ,
117,0.6021110391733373, ,
118,0.4569578240310648, ,
119,0.5196347114898572, ,
120,-0.26847746916291726, ,
121,-0.8154360589311409, ,
122,-0.8347235831046191, ,
123,-0.2664964639517393, ,
124,0.45096617916408377, ,
125,-0.1581229599771632, ,
126,0.20863751933086405, ,
127,-0.7030619329873389, ,
128,-0.4088490743904458, ,
129,0.679167260332747, ,
130,0.4849651589331643, ,
131,0.8464044046186245, ,
132,0.5251463756253543, ,
133,-0.6981106708061589, ,
134,-0.6158688429684389, ,
135,0.3700841974061859, ,
136,0.2177720049180607, ,
137,-0.06221380292856793, ,
138,-0.09652845940581756, ,
139,-0.16844002663992796, ,
140,-0.151837095541282, ,
141,-0.126104627464656, ,
142,-0.10787238932607579, ,
143,-0.054961777356083985, ,
144,-0.05333911284446913, ,
145,-0.629703380109504, ,
146,-0.4800781112496679, ,
147,0.08783810003194503, ,
148,0.672591816674867, ,
149,0.7491502884826104, ,
150,0.10284878218237736, ,
151,0.18238452854564002, ,
152,-0.13469119597561985, ,
153,-0.05512152934079495, ,
154,-0.15492247197175857, ,
155,-0.10331364508112983, ,
156,-0.09178615501036802, ,
157,-0.07966617341367055, ,
158,-0.026274941280348685, ,
159,-0.046490131181144534, ,
160,0.012866795891682159, ,
161,-0.024350905442247495, ,
162,0.026390537387555923, ,
163,-0.013583194272200672, ,
164,0.02469229708003695, ,
165,-0.009061068878168044, ,
166,0.01731273796349342, ,
167,-0.006673251461165819, ,
168,0.009817641088943674, ,
169,-0.00460163535672109, ,
170,0.0043328436787533064, ,
171,-0.002561800412536286, ,
172,0.0010400173986226946, ,
173,-8.20615532688862E-4, ,
174,-6.100024661463976E-4, ,
175,3.81522628458697E-4, ,
176,-0.625690081127118, ,
177,-0.4606168279843814, ,
178,0.6949199569955908, ,
179,0.5143967687645272, ,
180,0.19598458859309176, ,
181,0.12390943436741964, ,
182,-0.04916302118419935, ,
183,-0.039210322611666015, ,
184,-0.109005491104881, ,
185,-0.06727241955309182, ,
186,-0.08406226529234573, ,
187,-0.04496414863820064, ,
188,-0.04188351051425343, ,
189,-0.01856579097739086, ,
190,-0.011145704238970211, ,
191,-0.0031251081345544662, ,
192,0.0036760471153911567, ,
193,0.0020021700278221033, ,
194,0.007562530435279768, ,
195,0.0017544108779929957, ,
196,0.006421622522225334, ,
197,0.6245579642049961, ,
198,-0.15876464968789605, ,
199,-1.1589181258159442, ,
200,-0.4393110130808964, ,
201,-0.14688622335495438, ,
202,0.14700367550153715, ,
203,0.8461061969131833, ,
204,0.09815908208508972, ,
205,-0.2911869185738851, ,
206,0.20028694554616777, ,
207,-0.0671787436131126, ,
208,0.16819393127070725, ,
209,0.01699301231838035, ,
210,0.09158584639112632, ,
211,-0.5882170987929385, ,
212,0.1871430751865546, ,
213,0.5677090138822223, ,
214,-0.035839783893152344, ,
215,0.24624196514730556, ,
216,-0.1253662181884465, ,
217,0.07042588967965457, ,
218,-0.11699963412229408, ,
219,-0.002286594574798073, ,
220,0.5548820605372384, ,
221,-0.18559299285993802, ,
222,-0.5564169097185641, ,
223,-0.0037542096944207515, ,
224,0.4140179729972715, ,
225,0.5353859713952716, ,
226,-0.09822203078817893, ,
227,0.01719649283063518, ,
228,-0.22548764826206025, ,
229,-0.14320455200129345, ,
230,-0.1653009714809741, ,
231,-0.1384721614542741, ,
232,-0.06589515243638289, ,
233,-0.714880164584315, ,
234,-0.4562673237787749, ,
235,0.021700489839645343, ,
236,0.08829715881927314, ,
237,0.8660523647313312, ,
238,0.6761129198672506, ,
239,-0.4923535893033204, ,
240,-0.348230825808173, ,
241,-0.09647540923958786, ,
242,-0.03759333978860013, ,
243,0.6933377912732794, ,
244,0.5320508823291448, ,
245,-0.6056319953103184, ,
246,-0.4398486163618145, ,
247,-0.13945745828675626, ,
248,0.5459992939928497, ,
249,0.5313146773631843, ,
250,-0.013289266486026463, ,
251,-0.5681828949536794, ,
252,-0.6582970304901892, ,
253,-0.027506666992053397, ,
254,0.5003305222207928, ,

 ************, GATI FFT  : ,************ , , Removed 
0,53696.01206793667
1,436.907198996252
2,517.7058319801488
3,260.2182656927993
4,320.1764967365335
5,228.14184121043988
6,301.104848975712
7,182.96864626406764
8,126.25549335940634
9,127.49257970598876
10,112.94576999804124
11,195.88133955036295
12,254.3055377948677
13,285.8753923634586
14,288.2216273257741
15,272.90718164601174
16,293.35194494661704
17,226.93974992379557
18,224.82113642828767
19,189.54287408711593
20,192.4485476245878
21,183.4194369298072
22,219.52998517460856
23,234.81513707188526
24,241.06965157748144
25,259.9816199104298
26,262.6876322414642
27,223.65502977178252
28,200.37102660595224
29,182.54769229430997
30,157.58051681961874
31,130.06039596775219
32,123.06570250966662
33,118.8873422326224
34,116.64918767229594
35,115.53598516787903
36,128.1206186429799
37,121.02579557038624
38,108.49352438984144
39,123.03354879659041
40,116.73597208113566
41,116.06229438311381
42,124.69953705147022
43,130.29824806105404
44,116.6137218651064
45,116.90685788819057
46,128.8822527674694
47,131.53246856549367
48,73.25981162956947
49,99.86669770028269
50,71.93683832110978
51,72.17967990615335
52,54.773937316701755
53,59.286908694937445
54,62.44029159601397
55,87.63816184119989
56,90.74855004982605
57,82.88468479354016
58,91.11536358672768
59,73.45897242927126
60,63.4867243972129
61,46.62958195848219
62,42.17467832594913
63,42.24103923174702
64,43.04076025812152
65,56.270882771541395
66,61.50426956880091
67,56.39660438869069
68,60.362788415157375
69,64.7156107175077
70,52.23086785523618
71,53.28058024575053
72,40.496913462633174
73,39.05333448263848
74,26.08522987510773
75,19.328012526028445
76,35.97071302579232
77,38.74435723363276
78,54.11637648592049
79,50.69733006749237
80,55.002243427198685
81,61.112157021232576
82,52.43927837206492
83,50.82111682888496
84,48.594111114301704
85,53.738833875100966
86,47.86498375268514
87,58.50621252422261
88,58.250524318214026
89,46.86655829699183
90,52.93595385203059
91,51.04063196641465
92,58.75911247705884
93,55.0953361328604
94,47.47137646581313
95,53.863598361313684
96,53.394756296849984
97,59.37611831085463
98,57.96907117668621
99,63.792867343385936
100,52.04959801233291
101,59.93258016217363
102,56.97562774509956
103,52.73555495079133
104,49.92875900105255
105,53.13077057523818
106,56.39532634742668
107,56.140758138510165
108,66.15970887587179
109,60.62826818123713
110,67.25829523501527
111,66.48599607561616
112,65.91956927963165
113,61.14087498825954
114,49.179070399890904
115,56.32522224804843
116,42.93373839717261
117,52.75035555088228
118,47.22917461714795
119,46.029681061061915
120,43.25994785377933
121,46.38951126126979
122,41.78221707986558
123,42.48611147002258
124,48.945528204261265
125,53.16907057009164
126,47.77500800914341
127,43.4779379572984
128,39.95404638087532
129,39.01079893204942
130,34.92449909960887
131,42.520192866944576
132,41.62621334191167
133,35.80330683637973
134,40.92803267941258
135,42.210487921895314
136,47.654583451829765
137,40.74918704946028
138,35.24366042029877
139,31.28442227846415
140,29.1333454661942
141,34.056853369063155
142,23.98354954309313
143,45.58339574362202
144,0.0
145,0.0
146,0.0
147,0.0
148,0.0
149,0.0
150,0.0
151,0.0
152,0.0
153,0.0
154,0.0
155,0.0
156,0.0
157,0.0
158,0.0
159,0.0
160,0.0
161,0.0
162,0.0
163,0.0
164,0.0
165,0.0
166,0.0
167,0.0
168,0.0
169,0.0
170,0.0
171,0.0
172,0.0
173,0.0
174,0.0
175,0.0
176,0.0
177,0.0
178,0.0
179,0.0
180,0.0
181,0.0
182,0.0
183,0.0
184,0.0
185,0.0
186,0.0
187,0.0
188,0.0
189,0.0
190,0.0
191,0.0
192,0.0
193,0.0
194,0.0
195,0.0
196,0.0
197,0.0
198,0.0
199,0.0
200,0.0
201,0.0
202,0.0
203,0.0
204,0.0
205,0.0
206,0.0
207,0.0
208,0.0
209,0.0
210,0.0
211,0.0
212,0.0
213,0.0
214,0.0
215,0.0
216,0.0
217,0.0
218,0.0
219,0.0
220,0.0
221,0.0
222,0.0
223,0.0
224,0.0
225,0.0
226,0.0
227,0.0
228,0.0
229,0.0
230,0.0
231,0.0
232,0.0
233,0.0
234,0.0
235,0.0
236,0.0
237,0.0
238,0.0
239,0.0
240,0.0
241,0.0
242,0.0
243,0.0
244,0.0
245,0.0
246,0.0
247,0.0
248,0.0
249,0.0
250,0.0
251,0.0
252,0.0
253,0.0
254,0.0
255,0.0
256,0.0
257,0.0
258,0.0
259,0.0
260,0.0
261,0.0
262,0.0
263,0.0
264,0.0
265,0.0
266,0.0
267,0.0
268,0.0
269,0.0
270,0.0
271,0.0
272,0.0
273,0.0
274,0.0
275,0.0
276,0.0
277,0.0
278,0.0
279,0.0
280,0.0
281,0.0
282,0.0
283,0.0
284,0.0
285,0.0
286,0.0
287,0.0
