**** , USER DATA ,****,
, Device Info, 
-------------------------------------
Model :SM-A505F
Device: a50
Manufacturer: samsung
Board: exynos9610
Brand: samsung
SDK or OS  : 30
versionRelease: 11
VERSION_CODE: 5
VERSION_NAME: 1.0
-------------------------------------

 Unique file Id,63253, 
 Front Face,true, 
 Sampling Rate  : 8,

Id provided by Hospital or Entered manually or Randomly generated, 
20220111_125713-SM-A505F-16, 

 ************, User Manual Data : ,************ ,  

Gender,Female,
height,160,
weight,70,
Age,29,
BPsystolic(Manual),120,
BPdiastolic(Manual),80,
heartrate(Manual),70,
Medication,0,
Place ,,

 ************ , Advance Settings ,************ , 

 ************, 
 {hsvMin=60.0, hsvMax=340.0, saturationMin=0.4, saturationMax=1.0, brightnessMin=0.0, brightnessMax=1.0} ,************ ,  

 
  ************, Calculated : ,************

BMI,27,
BMR,1627,
BPsystolic,117,
BPdiastolic,71,
Heartrate,70,
Respirationrate,12,
Rythm,Pitta/Kapha(Reg),
Kathinya,186,
Kapha,16.67  %,
Vata,0.00  %,
Pitta,83.33  %,
Tala Result,0.00391442796134598,
Variance Of Heart Rate,0.48945248540178926,
BSA,1.7318886979699173,
ET,252.57,
SV,59.570803397984655,
PP,34.35455789964514,
MPP,83.25,

 ************, KPV2 ,************
K2 , 36.61  %P2 , 38.38  %V2 , 25.01  %
PPG,


Colors Code , RED , GREEN , BLUE , H, S, V , GOOD SIGNAL HSV AVG ( per sec)  , <.1
0,80.0,31.0,30.0,13.652695,0.865285,0.75686276,129.5,0.0
1,87.0,32.0,29.0,13.652695,0.865285,0.75686276,204.75
2,92.0,28.0,22.0,13.928571,0.8704663,0.75686276,206.625
3,99.0,19.0,12.0,13.928571,0.8704663,0.75686276,206.25
4,106.0,14.0,5.0,13.652695,0.8697917,0.7529412,205.125
5,112.0,15.0,3.0,13.293413,0.8697917,0.7529412,205.5
6,126.0,21.0,4.0,12.934132,0.8697917,0.7529412,206.125
7,145.0,30.0,5.0,13.293413,0.8697917,0.7529412,206.0
8,189.0,69.0,27.0,13.293413,0.8697917,0.7529412,206.125
9,203.0,82.0,36.0,13.571428,0.8704663,0.75686276,205.75
10,204.0,81.0,34.0,13.652695,0.865285,0.75686276,204.75
11,204.0,81.0,35.0,13.928571,0.8659794,0.7607843,204.375
12,204.0,80.0,35.0,13.928571,0.8659794,0.7607843,203.875
13,205.0,81.0,33.0,14.285714,0.8659794,0.7607843,204.0
14,205.0,82.0,34.0,14.285714,0.8659794,0.7607843,203.75
15,206.0,83.0,34.0,14.285714,0.8659794,0.7607843,203.875
16,207.0,85.0,34.0,13.928571,0.8659794,0.7607843,203.0
17,207.0,86.0,35.0,13.928571,0.8659794,0.7607843,201.875
18,207.0,86.0,35.0,14.011976,0.865285,0.75686276,201.25
19,206.0,86.0,35.0,14.011976,0.865285,0.75686276,201.5
20,206.0,86.0,35.0,13.652695,0.865285,0.75686276,200.375
21,206.0,86.0,35.0,13.652695,0.865285,0.75686276,199.25
22,207.0,87.0,35.0,14.011976,0.865285,0.75686276,198.0
23,207.0,88.0,35.0,14.011976,0.865285,0.75686276,196.75
24,207.0,88.0,36.0,14.285714,0.8659794,0.7607843,196.125
25,207.0,88.0,36.0,14.011976,0.865285,0.75686276,195.0
26,207.0,88.0,35.0,14.011976,0.865285,0.75686276,194.375
27,206.0,87.0,35.0,14.011976,0.865285,0.75686276,194.375
28,206.0,87.0,35.0,13.652695,0.865285,0.75686276,191.5
29,206.0,87.0,35.0,13.293413,0.865285,0.75686276,190.875
30,206.0,87.0,35.0,13.293413,0.8697917,0.7529412,193.0
31,206.0,88.0,35.0,12.934132,0.8697917,0.7529412,193.625
32,206.0,88.0,35.0,12.57485,0.87434554,0.7490196,192.625
33,205.0,87.0,35.0,12.57485,0.87434554,0.7490196,193.25
34,205.0,86.0,35.0,193.375
35,205.0,86.0,34.0,193.0
36,205.0,86.0,34.0,71.75
37,205.0,86.0,34.0
38,205.0,86.0,34.0
39,206.0,87.0,35.0
40,205.0,86.0,35.0
41,205.0,86.0,34.0
42,205.0,86.0,34.0
43,205.0,86.0,34.0
44,205.0,86.0,34.0
45,206.0,87.0,35.0
46,206.0,87.0,35.0
47,206.0,88.0,35.0
48,206.0,88.0,35.0
49,205.0,87.0,35.0
50,206.0,87.0,35.0
51,206.0,88.0,36.0
52,206.0,88.0,36.0
53,206.0,89.0,36.0
54,206.0,89.0,36.0
55,207.0,90.0,36.0
56,207.0,89.0,36.0
57,206.0,89.0,36.0
58,206.0,89.0,36.0
59,206.0,88.0,35.0
60,206.0,88.0,35.0
61,206.0,88.0,35.0
62,206.0,89.0,36.0
63,206.0,89.0,36.0
64,206.0,89.0,36.0
65,206.0,89.0,36.0
66,206.0,89.0,36.0
67,206.0,90.0,36.0
68,206.0,90.0,36.0
69,206.0,91.0,36.0
70,207.0,91.0,37.0
71,206.0,91.0,37.0
72,206.0,90.0,36.0
73,206.0,90.0,36.0
74,206.0,90.0,35.0
75,206.0,90.0,36.0
76,206.0,90.0,36.0
77,206.0,90.0,36.0
78,206.0,90.0,36.0
79,205.0,89.0,36.0
80,205.0,88.0,35.0
81,205.0,88.0,35.0
82,205.0,88.0,35.0
83,205.0,88.0,35.0
84,205.0,88.0,35.0
85,205.0,88.0,35.0
86,205.0,87.0,35.0
87,204.0,86.0,34.0
88,204.0,85.0,34.0
89,204.0,85.0,34.0
90,205.0,85.0,34.0
91,205.0,86.0,34.0
92,205.0,86.0,34.0
93,204.0,85.0,34.0
94,204.0,84.0,33.0
95,204.0,84.0,33.0
96,204.0,84.0,33.0
97,204.0,84.0,33.0
98,204.0,84.0,33.0
99,204.0,84.0,33.0
100,204.0,84.0,33.0
101,204.0,83.0,32.0
102,203.0,83.0,32.0
103,204.0,83.0,32.0
104,204.0,83.0,32.0
105,204.0,84.0,33.0
106,204.0,84.0,33.0
107,204.0,84.0,33.0
108,204.0,83.0,32.0
109,204.0,83.0,32.0
110,204.0,83.0,32.0
111,204.0,84.0,32.0
112,204.0,84.0,33.0
113,204.0,85.0,33.0
114,204.0,84.0,33.0
115,204.0,84.0,32.0
116,203.0,83.0,32.0
117,203.0,83.0,32.0
118,204.0,83.0,32.0
119,204.0,84.0,32.0
120,204.0,84.0,33.0
121,204.0,84.0,32.0
122,203.0,83.0,32.0
123,204.0,84.0,32.0
124,204.0,84.0,32.0
125,204.0,85.0,33.0
126,204.0,85.0,33.0
127,204.0,86.0,33.0
128,204.0,85.0,33.0
129,204.0,84.0,33.0
130,203.0,84.0,33.0
131,203.0,84.0,33.0
132,203.0,83.0,33.0
133,203.0,83.0,33.0
134,203.0,83.0,33.0
135,203.0,83.0,32.0
136,202.0,81.0,32.0
137,202.0,81.0,31.0
138,202.0,81.0,31.0
139,202.0,81.0,31.0
140,202.0,81.0,31.0
141,202.0,81.0,32.0
142,202.0,80.0,31.0
143,202.0,79.0,31.0
144,201.0,79.0,30.0
145,201.0,78.0,30.0
146,201.0,79.0,30.0
147,201.0,79.0,30.0
148,202.0,79.0,30.0
149,202.0,79.0,31.0
150,201.0,78.0,30.0
151,201.0,78.0,30.0
152,201.0,79.0,30.0
153,202.0,79.0,31.0
154,202.0,80.0,31.0
155,202.0,80.0,31.0
156,202.0,80.0,31.0
157,201.0,79.0,30.0
158,201.0,78.0,30.0
159,201.0,78.0,30.0
160,201.0,78.0,30.0
161,201.0,78.0,30.0
162,201.0,78.0,30.0
163,201.0,78.0,30.0
164,200.0,77.0,30.0
165,200.0,76.0,29.0
166,200.0,76.0,29.0
167,200.0,76.0,29.0
168,200.0,76.0,29.0
169,200.0,76.0,29.0
170,200.0,76.0,29.0
171,199.0,75.0,29.0
172,199.0,75.0,29.0
173,199.0,75.0,29.0
174,199.0,75.0,29.0
175,199.0,75.0,29.0
176,199.0,75.0,29.0
177,198.0,74.0,29.0
178,198.0,73.0,28.0
179,198.0,73.0,28.0
180,198.0,73.0,28.0
181,198.0,74.0,29.0
182,198.0,74.0,29.0
183,198.0,74.0,29.0
184,198.0,74.0,29.0
185,197.0,72.0,28.0
186,197.0,72.0,28.0
187,197.0,71.0,28.0
188,197.0,71.0,27.0
189,197.0,71.0,27.0
190,197.0,71.0,28.0
191,196.0,70.0,28.0
192,196.0,70.0,27.0
193,196.0,69.0,27.0
194,196.0,69.0,27.0
195,196.0,70.0,28.0
196,197.0,70.0,28.0
197,197.0,71.0,28.0
198,196.0,70.0,27.0
199,196.0,69.0,27.0
200,195.0,69.0,27.0
201,195.0,68.0,26.0
202,195.0,68.0,26.0
203,195.0,68.0,26.0
204,195.0,68.0,26.0
205,195.0,68.0,27.0
206,195.0,68.0,26.0
207,195.0,68.0,27.0
208,195.0,68.0,27.0
209,195.0,67.0,27.0
210,194.0,67.0,26.0
211,194.0,67.0,26.0
212,194.0,67.0,27.0
213,194.0,67.0,26.0
214,194.0,67.0,26.0
215,195.0,67.0,27.0
216,195.0,68.0,27.0
217,195.0,68.0,27.0
218,195.0,68.0,27.0
219,195.0,68.0,27.0
220,195.0,67.0,26.0
221,194.0,66.0,26.0
222,194.0,66.0,25.0
223,194.0,65.0,26.0
224,193.0,64.0,25.0
225,193.0,63.0,25.0
226,192.0,62.0,24.0
227,191.0,61.0,24.0
228,191.0,60.0,24.0
229,191.0,60.0,24.0
230,191.0,61.0,24.0
231,192.0,61.0,25.0
232,191.0,60.0,24.0
233,191.0,59.0,24.0
234,190.0,57.0,23.0
235,190.0,57.0,23.0
236,190.0,57.0,23.0
237,191.0,58.0,24.0
238,191.0,59.0,24.0
239,192.0,60.0,24.0
240,192.0,61.0,25.0
241,192.0,62.0,25.0
242,192.0,62.0,25.0
243,193.0,62.0,25.0
244,193.0,63.0,25.0
245,193.0,63.0,25.0
246,193.0,64.0,25.0
247,194.0,65.0,26.0
248,194.0,65.0,26.0
249,193.0,64.0,25.0
250,193.0,64.0,25.0
251,193.0,64.0,26.0
252,194.0,65.0,26.0
253,194.0,65.0,26.0
254,194.0,65.0,26.0
255,194.0,65.0,26.0
256,194.0,65.0,26.0
257,193.0,64.0,26.0
258,193.0,64.0,26.0
259,193.0,64.0,26.0
260,193.0,64.0,25.0
261,193.0,64.0,25.0
262,192.0,63.0,25.0
263,192.0,62.0,25.0
264,192.0,61.0,25.0
265,192.0,62.0,25.0
266,192.0,62.0,25.0
267,193.0,63.0,25.0
268,193.0,64.0,26.0
269,194.0,65.0,26.0
270,194.0,65.0,26.0
271,194.0,66.0,26.0
272,194.0,66.0,26.0
273,194.0,66.0,26.0
274,194.0,65.0,26.0
275,194.0,65.0,26.0
276,193.0,65.0,26.0
277,193.0,65.0,26.0
278,193.0,64.0,26.0
279,193.0,64.0,26.0
280,193.0,65.0,26.0
281,193.0,65.0,26.0
282,194.0,66.0,26.0
283,193.0,65.0,26.0
284,193.0,65.0,26.0
285,193.0,65.0,26.0
286,193.0,64.0,26.0
287,193.0,63.0,26.0
288,192.0,62.0,25.0
289,192.0,61.0,25.0
290,191.0,59.0,24.0
291,191.0,59.0,24.0

 ************, After Bandpass: ,************
central frequency  ,2.25 
Width frequency  , 3.16 

 ************, PPG Signal : ,************ , , Removed 
0,-0.3062860845745945, ,,-80.0
1,-0.5813741943370587, ,,-87.0
2,0.10787423976103128, ,,-92.0
3,0.09047148950617157, ,,-99.0
4,0.16106276879781944, ,,-106.0
5,0.2950997849131909, ,,-112.0
6,0.6866469102619703, ,,-126.0
7,0.11784120601032555, ,,-145.0
8,-0.576491193745369, ,,-189.0
9,0.22290234494198558, ,,126.76287732439525
10,-0.31575521193053646, ,,94.33352967092304
11,0.2237509152205348, ,,-14.113270500075402
12,0.4738706673406341, ,,-10.54885948509525
13,0.6253139218413253, ,,-54.02034039231194
14,-0.13167807038030332, ,,-35.227301814703196
15,0.03833578792455228, ,,-44.413659302330075
16,-0.9070158634647214, ,,-26.487404776552694
17,0.018709842701127855, ,,-22.800077419707577
18,0.32197560438658, ,,-13.951063715731834
19,-0.16113885411914453, ,,-7.028545526173275
20,0.1248221523965185, ,,-5.42382168900258
21,-0.18443884662565324, ,,2.2119370709096984
22,0.6651947306165766, ,,-0.295749609307677
23,0.32721955317060747, ,,5.372380197688244
24,-0.6833382918503048, ,,3.7925429933238775E-4
25,-0.5848535831876234, ,,4.26455076508114
26,-0.19283465208718553, ,,-0.5078310263006642
27,-0.14688742658177034, ,,1.9806024592248832
28,0.047586581016730634, ,,-1.3019224400163694
29,0.04299261980736446, ,,1.3668212630491325
30,0.10299276481123343, ,,-0.7549203970547751
31,0.08185693337077282, ,,0.7690859803087733
32,0.07474480307678277, ,,-0.37567947579168504
33,0.06107265868581635, ,
34,0.03133940554084802, ,
35,0.03206717301736717, ,
36,0.0014038044294011343, ,
37,0.637341481734893, ,
38,-0.17415798971796903, ,
39,-0.5291158718766837, ,
40,0.0074651276127042365, ,
41,-0.21548995787065905, ,
42,0.08513022126589931, ,
43,-0.044617153269427945, ,
44,0.08090730417097802, ,
45,0.02371175011012383, ,
46,-0.5811246401854078, ,
47,-0.42239288421455967, ,
48,0.07842813966954054, ,
49,0.08671454805084977, ,
50,0.25335456926904953, ,
51,0.20147264916113272, ,
52,0.1973827291071757, ,
53,0.1543571332999818, ,
54,-0.5338527166481981, ,
55,-0.3806343005887811, ,
56,0.08428556136504994, ,
57,0.7072821773156193, ,
58,0.7073983432078421, ,
59,0.11149304474338351, ,
60,-0.484768762936028, ,
61,-0.5933564605979882, ,
62,-0.012834581163133407, ,
63,-0.09971763593989635, ,
64,0.15002431012567286, ,
65,0.08679327739969267, ,
66,0.13509906231365676, ,
67,0.11132978815794559, ,
68,0.06513961432847282, ,
69,-0.5435096914520727, ,
70,0.16861317619782312, ,
71,0.5810384058549971, ,
72,-0.044781269006534785, ,
73,0.24358797086006234, ,
74,-0.12577851209198343, ,
75,0.061593671060109045, ,
76,-0.11184697009230149, ,
77,-0.012137641209847061, ,
78,-0.06208086789411027, ,
79,-0.031377127086216205, ,
80,-0.015615637764540224, ,
81,-0.030573781130442512, ,
82,0.012838656371968682, ,
83,-0.6497592347814134, ,
84,-0.43778159335283817, ,
85,0.675997611281673, ,
86,0.5368368886099688, ,
87,0.18132277648601303, ,
88,0.14117677443550747, ,
89,-0.6844020578100753, ,
90,0.13484150641875203, ,
91,0.41721581071283254, ,
92,-0.08128724543598764, ,
93,0.12917512458693636, ,
94,-0.13678650347378607, ,
95,0.0026015238659056195, ,
96,-0.10426639300908391, ,
97,-0.6579136737143472, ,
98,-0.5109648138864031, ,
99,0.0381179039629842, ,
100,0.045394432581815636, ,
101,0.2430109641445597, ,
102,0.19099458095024602, ,
103,-0.4232910084310788, ,
104,-0.3041449010379438, ,
105,0.16878585796712287, ,
106,0.13877640734108354, ,
107,0.28549046521425225, ,
108,0.2106501675561958, ,
109,0.19862528589533213, ,
110,0.14625698666100106, ,
111,-0.5422727965024023, ,
112,-0.39068414978032706, ,
113,0.07660585655366958, ,
114,0.07644435314773546, ,
115,0.8660317930716701, ,
116,0.6423945024318982, ,
117,-0.5063613937325044, ,
118,-0.3762359285160528, ,
119,-0.10731781416325248, ,
120,0.5715573518432393, ,
121,0.5258135392925851, ,
122,-0.0065419252073297685, ,
123,0.038187856751392246, ,
124,-0.8197392618167214, ,
125,-0.5779832228010946, ,
126,-0.10229616812944187, ,
127,-0.06119934693538198, ,
128,0.17736495966732946, ,
129,0.10699452029098211, ,
130,0.19815289709868011, ,
131,-0.5205351867036825, ,
132,-0.3355659519627352, ,
133,0.1265858747628954, ,
134,0.1042731666882446, ,
135,0.28459740616222007, ,
136,0.18229236548313565, ,
137,0.2186118048202843, ,
138,-0.5004078341146396, ,
139,-0.35432866839801136, ,
140,0.12526051637576074, ,
141,0.07813330083627079, ,
142,0.28032852065712177, ,
143,0.1625290457329811, ,
144,-0.40712835360375266, ,
145,-0.3485987541492932, ,
146,0.18046624762382635, ,
147,0.10053598314107148, ,
148,0.2976332920919731, ,
149,0.18489977638671462, ,
150,0.21034457746304724, ,
151,0.13166436348546995, ,
152,-0.5329703528400387, ,
153,-0.3975965202680527, ,
154,0.08247935423082708, ,
155,0.07407413556381925, ,
156,0.24422892861082346, ,
157,0.18079385626947442, ,
158,-0.4342552432555067, ,
159,-0.32350662696217114, ,
160,0.16061157110561908, ,
161,0.12307882529239578, ,
162,0.2833530661101804, ,
163,0.8256493788359194, ,
164,0.6622151589406258, ,
165,-0.5546734857998672, ,
166,-0.427725060087937, ,
167,-0.7526504680794233, ,
168,-0.5767727383196188, ,
169,0.14414675101636476, ,
170,0.06609627534817264, ,
171,0.3833742668945206, ,
172,0.21232830915846534, ,
173,0.30683859765315447, ,
174,0.1574489224486797, ,
175,0.15734633569445577, ,
176,0.07254120931270336, ,
177,-0.5808008299413814, ,
178,-0.4427981145205422, ,
179,0.05830699036368969, ,
180,0.050696184109369824, ,
181,0.23908309848491172, ,
182,0.7970643188106123, ,
183,0.6558363120680042, ,
184,0.06522958069388096, ,
185,0.043115258192983674, ,
186,-0.1965809114287822, ,
187,-0.15560839540421512, ,
188,-0.8176216123491713, ,
189,-0.6138199187901137, ,
190,-0.03311007781826447, ,
191,-0.6655134907776983, ,
192,-0.2190230255599772, ,
193,-0.42053014480575257, ,
194,-0.798073392983838, ,
195,-0.0019154831849164111, ,
196,0.43771436612144043, ,
197,0.6021588343595567, ,
198,1.2544933989011042, ,
199,0.36230682571977013, ,
200,-0.10975353767207707, ,
201,-0.3296874616395371, ,
202,-0.49538359903192486, ,
203,0.2451255500309344, ,
204,0.6645704081627173, ,
205,0.8007825054177147, ,
206,0.7254914482946333, ,
207,0.6372230971650197, ,
208,-0.19881579932496152, ,
209,-0.13661691531092401, ,
210,0.21675428456489954, ,
211,0.15077837539354277, ,
212,-0.3639392215757198, ,
213,-0.2933969916023216, ,
214,0.2366863465528013, ,
215,0.15393073055372497, ,
216,-0.9166617678368993, ,
217,-0.7065427583418113, ,
218,-0.2588931120092184, ,
219,0.4109866369341262, ,
220,0.5365738559219153, ,
221,-0.06557597149651428, ,
222,0.11054412966313976, ,
223,-0.21333703256061654, ,
224,-0.667723179643076, ,
225,-0.6443286952945755, ,
226,0.009767443075816118, ,
227,-0.04872454304779694, ,
228,0.22878926713997316, ,
229,-0.4810359204868746, ,
230,-0.2607073259450772, ,
231,0.2139688406876985, ,
232,0.15363826714678908, ,
233,0.35707513668717183, ,
234,0.8193737156659608, ,
235,0.7249855224221164, ,
236,0.6656912786427256, ,
237,0.5408988883784787, ,
238,-0.30621200125801806, ,
239,-0.1878867524725365, ,
240,-0.49516479572343997, ,
241,-0.3149480559142148, ,
242,-0.34753959195143125, ,
243,-0.8438731068341667, ,
244,-0.6117831434768277, ,
245,-0.03253775799953473, ,
246,0.03447028148343634, ,
247,0.23408024714615294, ,
248,0.21499936330894798, ,
249,0.8366593753358984, ,
250,0.021147868185039442, ,
251,-0.42571921687692793, ,
252,0.12463095331861496, ,
253,-0.19569239505062797, ,
254,0.13841411812893512, ,
255,-0.6918756443592429, ,
256,-0.36185807406536696, ,
257,-0.5614374631646797, ,
258,-0.36102019773875327, ,

 ************, GATI FFT  : ,************ , , Removed 
0,57610.021697617856
1,1346.846220052994
2,741.0536507250761
3,794.7222874493917
4,779.8517969897015
5,776.5365300592649
6,783.295885436235
7,714.7029277598629
8,728.1530129277231
9,739.132993212996
10,723.1704357561748
11,649.5269341636218
12,603.5136860551893
13,603.9150776267899
14,591.4512000496197
15,562.0201761693278
16,532.9675034221111
17,520.232211497543
18,508.37123708070965
19,468.84269674449087
20,447.90313048274027
21,409.95789284221433
22,381.26943462675376
23,338.2867584448127
24,319.67230737320153
25,309.20376835470285
26,274.5060234394835
27,239.81149314442652
28,229.25430800682776
29,206.52104269844236
30,182.6001310037887
31,166.25360651123586
32,139.94420925916137
33,110.65687102881968
34,106.65450528882268
35,97.54171511873896
36,75.43127311678481
37,61.31086951753222
38,55.74341568579319
39,59.731973110485036
40,84.3907850896166
41,109.21872082903762
42,92.8666701612327
43,112.04827172311818
44,120.86168732302954
45,117.83615281351284
46,127.7845814841889
47,132.01305472488065
48,136.79965890583864
49,139.5891040203047
50,150.7110629723378
51,143.08502526788982
52,136.47032361594623
53,143.26462021885965
54,143.66985640403104
55,141.5650079620979
56,144.92650953030582
57,133.55645041134846
58,131.37218786497678
59,115.30446454190201
60,126.24869305487762
61,118.88185012361451
62,108.77009719176084
63,108.49884281146703
64,90.28371731306841
65,86.64235790769007
66,89.70314632434584
67,80.9597468196569
68,74.87913562077986
69,65.79865206852878
70,63.62141753606444
71,57.18353446082246
72,56.209178476708175
73,58.137767414994535
74,60.10408928007735
75,60.71587752565406
76,59.075228257816455
77,65.16470335475572
78,68.49358997457969
79,63.39133005528046
80,67.19199292755106
81,74.72378722186023
82,76.4013144792443
83,74.09286164131824
84,75.31202030154732
85,79.72094342273671
86,86.06223568643647
87,86.16829533713583
88,81.72833369149335
89,86.58166934516834
90,81.39207548923487
91,77.4376831715276
92,78.2692733244503
93,80.97326320743822
94,77.13163881981039
95,75.18240242569443
96,74.77807247825615
97,69.98662792234504
98,73.2985163382712
99,67.71883316483695
100,59.73139127111311
101,62.91447036658212
102,56.84974083948984
103,60.07726312950574
104,51.10312090676028
105,44.39224417226723
106,51.97227799150372
107,56.78119805479068
108,57.60465599532897
109,49.14488178855829
110,47.9664428586457
111,49.60300041327686
112,52.6290543810015
113,49.987929031736776
114,54.494546659441106
115,60.75356396898225
116,53.93990094623768
117,60.779038899777625
118,61.99762211190617
119,64.21238199073044
120,66.40508391998044
121,69.14522466485526
122,66.72926660046649
123,73.37937279673898
124,72.8190760892316
125,74.85017524012504
126,72.39439125186374
127,73.9742767876378
128,71.09298408015101
129,68.2156384687015
130,68.73835522307498
131,69.76315507158857
132,71.315599940218
133,63.80957544200129
134,63.421478854645706
135,64.43671622236943
136,59.98261497093444
137,57.67239813895724
138,53.02847445594335
139,54.18384094461779
140,54.745622306637046
141,53.90347439047107
142,51.3423804563455
143,44.23178757455406
144,49.67878703761594
145,46.84258863723524
146,0.0
147,0.0
148,0.0
149,0.0
150,0.0
151,0.0
152,0.0
153,0.0
154,0.0
155,0.0
156,0.0
157,0.0
158,0.0
159,0.0
160,0.0
161,0.0
162,0.0
163,0.0
164,0.0
165,0.0
166,0.0
167,0.0
168,0.0
169,0.0
170,0.0
171,0.0
172,0.0
173,0.0
174,0.0
175,0.0
176,0.0
177,0.0
178,0.0
179,0.0
180,0.0
181,0.0
182,0.0
183,0.0
184,0.0
185,0.0
186,0.0
187,0.0
188,0.0
189,0.0
190,0.0
191,0.0
192,0.0
193,0.0
194,0.0
195,0.0
196,0.0
197,0.0
198,0.0
199,0.0
200,0.0
201,0.0
202,0.0
203,0.0
204,0.0
205,0.0
206,0.0
207,0.0
208,0.0
209,0.0
210,0.0
211,0.0
212,0.0
213,0.0
214,0.0
215,0.0
216,0.0
217,0.0
218,0.0
219,0.0
220,0.0
221,0.0
222,0.0
223,0.0
224,0.0
225,0.0
226,0.0
227,0.0
228,0.0
229,0.0
230,0.0
231,0.0
232,0.0
233,0.0
234,0.0
235,0.0
236,0.0
237,0.0
238,0.0
239,0.0
240,0.0
241,0.0
242,0.0
243,0.0
244,0.0
245,0.0
246,0.0
247,0.0
248,0.0
249,0.0
250,0.0
251,0.0
252,0.0
253,0.0
254,0.0
255,0.0
256,0.0
257,0.0
258,0.0
259,0.0
260,0.0
261,0.0
262,0.0
263,0.0
264,0.0
265,0.0
266,0.0
267,0.0
268,0.0
269,0.0
270,0.0
271,0.0
272,0.0
273,0.0
274,0.0
275,0.0
276,0.0
277,0.0
278,0.0
279,0.0
280,0.0
281,0.0
282,0.0
283,0.0
284,0.0
285,0.0
286,0.0
287,0.0
288,0.0
289,0.0
290,0.0
291,0.0
