**** , USER DATA ,****,
, Device Info, 
-------------------------------------
Model :SM-A505F
Device: a50
Manufacturer: samsung
Board: exynos9610
Brand: samsung
SDK or OS  : 30
versionRelease: 11
VERSION_CODE: 5
VERSION_NAME: 1.0
-------------------------------------

 Unique file Id,55681, 
 Front Face,true, 
 Sampling Rate  : 11,

Id provided by Hospital or Entered manually or Randomly generated, 
20220111_112313-SM-A505F-01, 

 ************, User Manual Data : ,************ ,  

Gender,Female,
height,10,
weight,10,
Age,29,
BPsystolic(Manual),110,
BPdiastolic(Manual),80,
heartrate(Manual),10,
Medication,0,
Place ,,

 ************ , Advance Settings ,************ , 

 ************, 
 {hsvMin=60.0, hsvMax=340.0, saturationMin=0.4, saturationMax=1.0, brightnessMin=0.0, brightnessMax=1.0} ,************ ,  

 
  ************, Calculated : ,************

BMI,999,
BMR,55,
BPsystolic,65,
BPdiastolic,89,
Heartrate,86,
Respirationrate,14,
Rythm,Pitta/Kapha(Reg),
Kathinya,14,
Kapha,16.67  %,
Vata,50.00  %,
Pitta,33.33  %,
Tala Result,0.0040612692310247256,
Variance Of Heart Rate,0.10652632137248882,
BSA,0.10147669720569867,
ET,252.57,
SV,-16.217841432889777,
PP,-18.222293744819975,
MPP,83.25,

 ************, KPV2 ,************
K2 , 44.41  %P2 , 29.39  %V2 , 26.20  %
PPG,


Colors Code , RED , GREEN , BLUE , H, S, V , GOOD SIGNAL HSV AVG ( per sec)  , <.1
0,118.0,95.0,91.0,26.23256,0.93886465,0.8980392,143.0909090909091,0.09090909090909349
1,120.0,97.0,94.0,26.23256,0.93886465,0.8980392,137.8181818181818,0.09090909090909349
2,122.0,102.0,99.0,26.23256,0.93886465,0.8980392,118.27272727272727,0.09090909090909349
3,126.0,108.0,105.0,26.23256,0.93886465,0.8980392,197.0909090909091,0.09090909090909349
4,130.0,116.0,115.0,26.23256,0.93886465,0.8980392,238.8181818181818,0.0
5,133.0,122.0,122.0,26.23256,0.93886465,0.8980392,236.63636363636363,0.09090909090906507
6,135.0,125.0,125.0,26.23256,0.93886465,0.8980392,235.9090909090909,0.0
7,136.0,127.0,127.0,26.23256,0.93886465,0.8980392,236.0,0.0
8,137.0,128.0,128.0,26.23256,0.93886465,0.8980392,233.0,0.0
9,138.0,130.0,130.0,26.23256,0.93886465,0.8980392,233.1818181818182,0.0
10,139.0,131.0,131.0,26.23256,0.93886465,0.8980392,233.27272727272728,0.0
11,140.0,132.0,133.0,26.511627,0.93886465,0.8980392,234.0
12,140.0,133.0,133.0,26.511627,0.93886465,0.8980392,233.36363636363637
13,140.0,133.0,134.0,26.511627,0.93886465,0.8980392,231.9090909090909
14,139.0,131.0,131.0,26.511627,0.93886465,0.8980392,232.0
15,138.0,128.0,128.0,26.511627,0.93886465,0.8980392,231.0
16,138.0,124.0,123.0,26.511627,0.93886465,0.8980392,227.63636363636363
17,138.0,121.0,119.0,26.511627,0.93886465,0.8980392,226.9090909090909
18,135.0,112.0,109.0,26.511627,0.93886465,0.8980392,227.0
19,133.0,100.0,95.0,26.511627,0.93886465,0.8980392,228.9090909090909
20,133.0,89.0,83.0,26.511627,0.93886465,0.8980392,231.36363636363637
21,139.0,90.0,84.0,26.38889,0.9391304,0.9019608,231.36363636363637
22,143.0,100.0,94.0,26.38889,0.9391304,0.9019608,230.36363636363637
23,146.0,101.0,94.0,26.38889,0.9391304,0.9019608,228.9090909090909
24,140.0,88.0,80.0,26.23256,0.9347826,0.9019608,228.72727272727272
25,122.0,57.0,48.0,26.38889,0.9391304,0.9019608,228.36363636363637
26,92.0,17.0,8.0,26.38889,0.9391304,0.9019608,228.54545454545453
27,76.0,7.0,4.0,26.511627,0.9347826,0.9019608,228.45454545454547
28,81.0,12.0,8.0,26.511627,0.9347826,0.9019608,229.0
29,102.0,21.0,13.0,26.511627,0.9347826,0.9019608,229.0
30,123.0,30.0,18.0,26.511627,0.9347826,0.9019608,229.0
31,133.0,33.0,18.0,26.511627,0.9347826,0.9019608,229.0
32,140.0,35.0,16.0,26.511627,0.9347826,0.9019608,229.0
33,146.0,37.0,15.0,26.511627,0.9347826,0.9019608,229.0
34,153.0,41.0,13.0,26.511627,0.9347826,0.9019608,229.72727272727272
35,167.0,41.0,5.0,26.511627,0.9347826,0.9019608,230.0
36,175.0,48.0,4.0,26.511627,0.9347826,0.9019608,83.36363636363636
37,185.0,50.0,1.0,26.511627,0.9347826,0.9019608
38,191.0,52.0,1.0,26.511627,0.9347826,0.9019608
39,196.0,56.0,2.0,26.511627,0.9347826,0.9019608
40,205.0,64.0,3.0,26.38889,0.9391304,0.9019608
41,210.0,71.0,5.0,26.511627,0.93886465,0.8980392
42,217.0,76.0,6.0,26.511627,0.93886465,0.8980392
43,231.0,91.0,11.0,26.511627,0.93886465,0.8980392
44,238.0,96.0,13.0
45,238.0,97.0,13.0
46,238.0,97.0,13.0
47,238.0,97.0,12.0
48,239.0,98.0,14.0
49,239.0,98.0,13.0
50,239.0,99.0,13.0
51,239.0,99.0,13.0
52,239.0,99.0,13.0
53,239.0,100.0,13.0
54,239.0,100.0,14.0
55,240.0,101.0,14.0
56,240.0,102.0,14.0
57,240.0,103.0,14.0
58,238.0,101.0,13.0
59,238.0,101.0,12.0
60,236.0,101.0,14.0
61,235.0,101.0,14.0
62,235.0,102.0,14.0
63,235.0,102.0,14.0
64,235.0,102.0,14.0
65,236.0,102.0,14.0
66,235.0,102.0,14.0
67,235.0,103.0,14.0
68,236.0,103.0,14.0
69,236.0,103.0,14.0
70,236.0,103.0,14.0
71,236.0,104.0,15.0
72,236.0,104.0,15.0
73,236.0,104.0,15.0
74,236.0,104.0,15.0
75,236.0,104.0,15.0
76,236.0,104.0,15.0
77,236.0,105.0,15.0
78,236.0,105.0,15.0
79,236.0,106.0,16.0
80,236.0,106.0,16.0
81,236.0,106.0,16.0
82,236.0,106.0,16.0
83,236.0,106.0,16.0
84,236.0,106.0,16.0
85,237.0,106.0,16.0
86,237.0,107.0,16.0
87,237.0,107.0,16.0
88,233.0,104.0,14.0
89,233.0,103.0,14.0
90,233.0,103.0,13.0
91,233.0,103.0,14.0
92,233.0,103.0,14.0
93,233.0,104.0,14.0
94,233.0,104.0,14.0
95,233.0,104.0,14.0
96,233.0,104.0,14.0
97,233.0,104.0,14.0
98,233.0,104.0,14.0
99,233.0,104.0,14.0
100,234.0,104.0,14.0
101,234.0,104.0,14.0
102,233.0,104.0,14.0
103,233.0,104.0,14.0
104,233.0,104.0,14.0
105,233.0,104.0,14.0
106,233.0,104.0,14.0
107,233.0,104.0,14.0
108,233.0,105.0,14.0
109,233.0,105.0,14.0
110,233.0,104.0,14.0
111,233.0,104.0,14.0
112,233.0,104.0,14.0
113,233.0,105.0,14.0
114,233.0,105.0,14.0
115,233.0,105.0,14.0
116,234.0,105.0,14.0
117,233.0,105.0,14.0
118,233.0,105.0,14.0
119,233.0,105.0,14.0
120,234.0,106.0,14.0
121,234.0,106.0,14.0
122,234.0,106.0,15.0
123,234.0,106.0,14.0
124,234.0,106.0,14.0
125,234.0,105.0,14.0
126,234.0,106.0,14.0
127,234.0,106.0,14.0
128,234.0,106.0,14.0
129,234.0,106.0,14.0
130,234.0,106.0,14.0
131,234.0,106.0,14.0
132,234.0,106.0,14.0
133,235.0,106.0,14.0
134,235.0,107.0,15.0
135,235.0,107.0,14.0
136,235.0,107.0,15.0
137,235.0,107.0,14.0
138,235.0,107.0,15.0
139,233.0,105.0,13.0
140,232.0,105.0,12.0
141,231.0,105.0,14.0
142,230.0,104.0,14.0
143,231.0,104.0,12.0
144,231.0,105.0,12.0
145,232.0,105.0,12.0
146,232.0,105.0,12.0
147,232.0,105.0,12.0
148,232.0,105.0,12.0
149,232.0,105.0,12.0
150,232.0,105.0,12.0
151,232.0,105.0,12.0
152,232.0,106.0,12.0
153,232.0,106.0,12.0
154,232.0,106.0,12.0
155,232.0,106.0,12.0
156,232.0,106.0,12.0
157,232.0,105.0,12.0
158,232.0,105.0,12.0
159,232.0,105.0,12.0
160,232.0,105.0,12.0
161,232.0,105.0,12.0
162,232.0,105.0,12.0
163,232.0,105.0,12.0
164,232.0,106.0,12.0
165,232.0,106.0,13.0
166,232.0,106.0,13.0
167,232.0,106.0,13.0
168,232.0,106.0,13.0
169,232.0,106.0,13.0
170,231.0,106.0,13.0
171,231.0,106.0,13.0
172,231.0,105.0,12.0
173,231.0,105.0,12.0
174,230.0,105.0,12.0
175,230.0,105.0,12.0
176,229.0,104.0,12.0
177,229.0,104.0,12.0
178,229.0,104.0,12.0
179,228.0,104.0,12.0
180,228.0,104.0,12.0
181,228.0,104.0,12.0
182,227.0,104.0,12.0
183,227.0,104.0,12.0
184,227.0,103.0,12.0
185,227.0,104.0,12.0
186,227.0,104.0,12.0
187,227.0,104.0,12.0
188,227.0,104.0,12.0
189,227.0,104.0,12.0
190,227.0,104.0,12.0
191,227.0,104.0,12.0
192,227.0,103.0,12.0
193,227.0,103.0,12.0
194,226.0,103.0,12.0
195,227.0,103.0,12.0
196,227.0,103.0,12.0
197,227.0,103.0,13.0
198,227.0,104.0,13.0
199,227.0,104.0,13.0
200,227.0,104.0,13.0
201,227.0,104.0,13.0
202,227.0,104.0,13.0
203,227.0,104.0,13.0
204,227.0,104.0,13.0
205,227.0,104.0,13.0
206,227.0,104.0,13.0
207,227.0,104.0,13.0
208,227.0,104.0,13.0
209,227.0,105.0,13.0
210,228.0,105.0,13.0
211,228.0,105.0,13.0
212,228.0,105.0,13.0
213,228.0,105.0,13.0
214,228.0,105.0,13.0
215,228.0,106.0,13.0
216,229.0,106.0,13.0
217,230.0,107.0,14.0
218,230.0,107.0,13.0
219,230.0,107.0,13.0
220,231.0,107.0,13.0
221,231.0,107.0,13.0
222,231.0,107.0,13.0
223,231.0,107.0,13.0
224,231.0,107.0,13.0
225,231.0,107.0,13.0
226,231.0,108.0,13.0
227,232.0,108.0,13.0
228,231.0,108.0,13.0
229,232.0,108.0,13.0
230,232.0,108.0,13.0
231,232.0,108.0,14.0
232,232.0,108.0,14.0
233,232.0,108.0,14.0
234,232.0,108.0,13.0
235,232.0,108.0,13.0
236,231.0,108.0,13.0
237,231.0,108.0,13.0
238,231.0,108.0,14.0
239,231.0,108.0,13.0
240,231.0,108.0,13.0
241,231.0,108.0,13.0
242,231.0,107.0,14.0
243,231.0,107.0,13.0
244,231.0,107.0,13.0
245,231.0,107.0,13.0
246,231.0,107.0,13.0
247,230.0,107.0,13.0
248,230.0,107.0,13.0
249,230.0,107.0,13.0
250,230.0,106.0,13.0
251,230.0,106.0,13.0
252,230.0,106.0,13.0
253,230.0,106.0,13.0
254,230.0,106.0,13.0
255,229.0,106.0,13.0
256,229.0,106.0,13.0
257,229.0,106.0,13.0
258,229.0,106.0,13.0
259,229.0,105.0,13.0
260,229.0,105.0,13.0
261,229.0,105.0,13.0
262,229.0,106.0,13.0
263,228.0,105.0,13.0
264,228.0,105.0,13.0
265,228.0,105.0,13.0
266,228.0,106.0,13.0
267,228.0,106.0,13.0
268,229.0,106.0,13.0
269,229.0,106.0,13.0
270,229.0,106.0,13.0
271,229.0,106.0,13.0
272,229.0,106.0,14.0
273,229.0,106.0,14.0
274,229.0,106.0,14.0
275,229.0,106.0,13.0
276,229.0,106.0,13.0
277,229.0,106.0,14.0
278,229.0,106.0,13.0
279,229.0,106.0,13.0
280,228.0,106.0,13.0
281,228.0,106.0,13.0
282,228.0,106.0,13.0
283,228.0,106.0,13.0
284,228.0,106.0,13.0
285,228.0,106.0,13.0
286,228.0,106.0,14.0
287,228.0,106.0,14.0
288,228.0,106.0,14.0
289,229.0,106.0,14.0
290,229.0,106.0,14.0
291,229.0,106.0,14.0
292,229.0,106.0,14.0
293,229.0,106.0,14.0
294,229.0,106.0,14.0
295,228.0,106.0,14.0
296,228.0,106.0,14.0
297,228.0,106.0,13.0
298,228.0,106.0,14.0
299,228.0,106.0,14.0
300,228.0,106.0,14.0
301,228.0,106.0,14.0
302,228.0,106.0,14.0
303,228.0,106.0,14.0
304,229.0,106.0,14.0
305,229.0,107.0,14.0
306,229.0,107.0,14.0
307,229.0,107.0,14.0
308,229.0,107.0,14.0
309,229.0,107.0,14.0
310,229.0,107.0,14.0
311,229.0,107.0,14.0
312,229.0,107.0,14.0
313,229.0,107.0,14.0
314,229.0,107.0,14.0
315,229.0,107.0,14.0
316,229.0,107.0,14.0
317,229.0,107.0,14.0
318,229.0,107.0,14.0
319,229.0,107.0,14.0
320,229.0,107.0,14.0
321,229.0,107.0,14.0
322,229.0,107.0,14.0
323,229.0,107.0,14.0
324,229.0,107.0,14.0
325,229.0,107.0,14.0
326,229.0,107.0,14.0
327,229.0,107.0,14.0
328,229.0,107.0,14.0
329,229.0,107.0,14.0
330,229.0,107.0,14.0
331,229.0,107.0,14.0
332,229.0,107.0,14.0
333,229.0,107.0,14.0
334,229.0,108.0,14.0
335,229.0,108.0,14.0
336,229.0,108.0,14.0
337,229.0,108.0,14.0
338,229.0,108.0,14.0
339,229.0,108.0,14.0
340,229.0,108.0,14.0
341,229.0,108.0,14.0
342,229.0,108.0,14.0
343,229.0,108.0,14.0
344,229.0,108.0,14.0
345,229.0,108.0,14.0
346,229.0,108.0,14.0
347,229.0,108.0,14.0
348,229.0,108.0,14.0
349,229.0,107.0,14.0
350,229.0,107.0,14.0
351,229.0,108.0,14.0
352,229.0,108.0,14.0
353,229.0,108.0,14.0
354,229.0,108.0,14.0
355,229.0,108.0,14.0
356,229.0,108.0,14.0
357,229.0,108.0,14.0
358,229.0,108.0,14.0
359,229.0,108.0,14.0
360,229.0,108.0,14.0
361,229.0,108.0,14.0
362,229.0,108.0,14.0
363,229.0,108.0,14.0
364,229.0,108.0,14.0
365,229.0,108.0,14.0
366,229.0,108.0,14.0
367,229.0,108.0,14.0
368,229.0,109.0,14.0
369,229.0,109.0,14.0
370,229.0,109.0,14.0
371,229.0,109.0,14.0
372,229.0,109.0,14.0
373,229.0,109.0,14.0
374,229.0,109.0,14.0
375,229.0,109.0,14.0
376,229.0,109.0,14.0
377,229.0,109.0,14.0
378,230.0,109.0,14.0
379,230.0,109.0,14.0
380,230.0,109.0,14.0
381,230.0,109.0,15.0
382,230.0,109.0,14.0
383,230.0,109.0,14.0
384,230.0,110.0,15.0
385,230.0,110.0,15.0
386,230.0,110.0,15.0
387,230.0,110.0,15.0
388,230.0,110.0,15.0
389,230.0,110.0,15.0
390,230.0,110.0,15.0
391,230.0,110.0,15.0
392,230.0,110.0,15.0
393,230.0,110.0,15.0
394,230.0,110.0,15.0
395,230.0,110.0,15.0
396,230.0,110.0,15.0
397,230.0,109.0,14.0
398,229.0,109.0,14.0
399,229.0,109.0,14.0
400,229.0,109.0,14.0

 ************, After Bandpass: ,************
central frequency  ,2.25 
Width frequency  , 3.16 

 ************, PPG Signal : ,************ , , Removed 
0,-3.5477718723636826, ,,-118.0
1,-10.197073376136132, ,,-120.0
2,-11.842201159866818, ,,-122.0
3,-11.412768070454831, ,,-126.0
4,-10.493204962146365, ,,-130.0
5,-9.188698922936737, ,,-133.0
6,-7.599794393539014, ,,-135.0
7,-5.7316650616362494, ,,-136.0
8,-4.030060699772548, ,,-137.0
9,-2.552832529502666, ,,-138.0
10,-0.9649623110021821, ,,-139.0
11,0.30998680727725514, ,,-140.0
12,0.5648071048663041, ,,51.098315534016265
13,-0.12701576992367336, ,,101.1898945041224
14,-0.6699430011426557, ,,46.76737887364949
15,-0.6812022953827181, ,,-5.136899560897291
16,-1.131437398563321, ,,-9.910394799415371
17,-0.7439451492928129, ,,-25.081512642104713
18,0.4742149216535836, ,,-34.05790806749485
19,0.9088622129759187, ,,-34.32253012414026
20,1.41611912164376, ,,-32.15814574961132
21,1.5342444435589186, ,,-24.059715826847423
22,0.7086123286412658, ,,-14.150655487978838
23,0.9389555675629708, ,,-8.438972140950227
24,1.4578966759847845, ,,-8.100210733738322
25,0.8008916230139675, ,,-15.40906825024581
26,0.3121736887346742, ,,-29.21481937850831
27,0.1958854298991355, ,,-35.25395287392098
28,-0.040321601589994316, ,,-19.83602190589295
29,-0.1745241912506117, ,,8.773738315305764
30,-0.2174959575036155, ,,31.821480760067743
31,-0.24832217128755474, ,,38.304197410550046
32,-0.2412797890638103, ,,31.96609632721561
33,-0.2112889966090279, ,,24.13707794115294
34,-0.17573715876756069, ,,17.778573998679008
35,-0.1353704643479432, ,,14.531984631051841
36,-0.09615504595490165, ,,12.584371093074196
37,-0.062103900703050385, ,,7.461627642431722
38,-0.033862325904010504, ,,2.382589092356511
39,-0.012171015709554922, ,,-2.3691466770696934
40,0.3681310915742415, ,,-5.022547086528448
41,0.7357561982391871, ,,-5.035471354954325
42,0.35492279686377515, ,,-6.139893765583565
43,-1.4687951882035577, ,,-3.2016775705324108
44,-2.934903987870257, ,,0.9196014060446487
45,-1.506314158235682, ,
46,-0.10614069413509242, ,
47,0.03771603655968647, ,
48,0.5005630914522499, ,
49,0.7628854971974306, ,
50,0.7600646902894823, ,
51,0.7507108906465874, ,
52,0.6701375492973511, ,
53,0.5426540324031066, ,
54,0.419221721294889, ,
55,0.6630002203908134, ,
56,0.9123322898390143, ,
57,0.07410131889037075, ,
58,-0.7163392637564812, ,
59,-0.412039915980813, ,
60,-0.19015423994392222, ,
61,-0.2309859869885713, ,
62,-0.11257550844561592, ,
63,-0.040038896966279935, ,
64,-0.014414948029298102, ,
65,0.023276265138065355, ,
66,0.041752603759732665, ,
67,0.04711830156634278, ,
68,0.0493234742768891, ,
69,0.04540909486331657, ,
70,0.038402133988711284, ,
71,0.3957216619951396, ,
72,0.38052660058269794, ,
73,-0.37075115927814295, ,
74,-0.35638520355973924, ,
75,0.3349561698760226, ,
76,0.6096849200121142, ,
77,0.2757013840807758, ,
78,-0.022242125080538244, ,
79,-0.05606905720856048, ,
80,-0.15244003341922507, ,
81,-0.2005743549404997, ,
82,-0.19265371817823507, ,
83,-0.18292325844163315, ,
84,-0.1583058924393299, ,
85,-0.12502649114594533, ,
86,-0.0938079210138767, ,
87,-0.06430464729987762, ,
88,0.3262578334192767, ,
89,0.7040969518207021, ,
90,0.3329533594649092, ,
91,-0.02239814443692012, ,
92,-0.050599923397612656, ,
93,-0.16144960338624514, ,
94,-0.9500841021595079, ,
95,-2.0218663126499905, ,
96,-1.963431605269534, ,
97,-1.5429624108028293, ,
98,-0.6788579005683459, ,
99,0.7266672440789534, ,
100,1.3700784795967138, ,
101,1.5781229630983944, ,
102,1.3209376322031403, ,
103,0.8396280466768076, ,
104,0.6298635571463365, ,
105,0.3809654311869508, ,
106,0.16253271299865446, ,
107,0.030815308978162648, ,
108,-0.06881088253385315, ,
109,-0.12973404164813473, ,
110,-0.15427869826044116, ,
111,-0.15820096660513627, ,
112,-0.1464419003993953, ,
113,-0.12489591354551521, ,
114,-0.09966823509444112, ,
115,-0.07398464116727155, ,
116,-0.050296128064701406, ,
117,-0.030183620541265554, ,
118,-0.01419536859816617, ,
119,-0.002374539601532888, ,
120,0.005614958463183939, ,
121,0.010366251011646455, ,
122,0.012553507852771872, ,
123,0.012852530501049841, ,
124,0.011882907364224593, ,
125,-0.3548220479265183, ,
126,-0.71467232054124, ,
127,-0.3306351412754793, ,
128,0.03302556880453267, ,
129,-0.2993009481547233, ,
130,-0.5446650810099527, ,
131,-0.4653381076511778, ,
132,-0.4681385428957583, ,
133,-0.059165107614262524, ,
134,0.026481979458822025, ,
135,-0.27709878947143807, ,
136,0.17624754100597784, ,
137,0.19038425538315096, ,
138,-0.20153727684737532, ,
139,0.224590441461487, ,
140,0.5666352825744525, ,
141,0.5051358052614887, ,
142,0.5338750561516008, ,
143,0.5028473615031999, ,
144,0.4053005272662631, ,
145,0.32318844228393573, ,
146,0.23754704329735432, ,
147,0.15561964433595676, ,
148,0.09053684874152168, ,
149,-0.3261368133585165, ,
150,-0.3569634314274026, ,
151,0.3623088638751142, ,
152,0.3275691291369185, ,
153,-0.009656626550167857, ,
154,0.0699239691546154, ,
155,0.01938943848767849, ,
156,-0.04342594159425062, ,
157,-0.037377075110043734, ,
158,-0.04770765743933225, ,
159,-0.051991426126278384, ,
160,-0.04405010385698915, ,
161,-0.03786065583335585, ,
162,-0.03026352724782555, ,
163,-0.02171210295682613, ,
164,-0.014607618013315005, ,
165,0.35644838334314954, ,
166,0.7191158379298486, ,
167,0.33645210841973494, ,
168,-0.02681541405945609, ,
169,-0.05977016609085695, ,
170,-0.17294495733608528, ,
171,0.13289866483660262, ,
172,0.8652588331110564, ,
173,0.8474229556748014, ,
174,0.12356268457028818, ,
175,0.12722667831030776, ,
176,0.3730565575260698, ,
177,-0.15176640648269313, ,
178,-0.5368034211387567, ,
179,-0.5267606333679851, ,
180,-0.5834337322874035, ,
181,-0.5628814799342763, ,
182,-0.10491244507193187, ,
183,-0.02625864586730131, ,
184,-0.31120439216829254, ,
185,0.15886645340879113, ,
186,0.17960585961373, ,
187,-0.20385989306919328, ,
188,-0.1371001262180016, ,
189,-0.15024001037272683, ,
190,-0.1889126448195384, ,
191,-0.5170300869999664, ,
192,-0.8510099526599788, ,
193,-0.44189007590034635, ,
194,-0.045073329385786565, ,
195,0.013875468107698907, ,
196,0.14801954619429125, ,
197,0.22414571781177983, ,
198,0.2260186498483563, ,
199,0.2227514775884174, ,
200,0.19880864510491847, ,
201,0.16141917662616834, ,
202,-0.24029193482624578, ,
203,-0.6340697802318118, ,
204,-0.28011160800588186, ,
205,0.059551326066639376, ,
206,0.07390041025519167, ,
207,0.17348756777050767, ,
208,0.22369943818785032, ,
209,0.20898661051933232, ,
210,-0.16865303851272984, ,
211,-0.554285502479388, ,
212,-0.20529003910996835, ,
213,0.12645853997037193, ,
214,0.12913001095489562, ,
215,0.21564470181169781, ,
216,0.25375318083729326, ,
217,0.22825618626211508, ,
218,-0.1582718871459292, ,
219,-0.5506490066902643, ,
220,-0.2064405478847675, ,
221,0.12225788441492114, ,
222,0.12330988566213819, ,
223,0.5742718540282112, ,
224,0.9703987463997237, ,
225,0.5594806242079358, ,
226,0.1733148140524463, ,
227,0.10547215390261044, ,
228,-0.04918429315648609, ,
229,-0.14434323114505787, ,
230,-0.1669364178849264, ,
231,-0.18308346959838673, ,
232,-0.1750137349004035, ,
233,-0.15041543474239916, ,
234,-0.12314654703322958, ,
235,-0.4584454661721793, ,
236,-0.7878188369002146, ,
237,-0.37746943845741043, ,
238,0.007880709108576411, ,
239,0.05714254841677757, ,
240,0.181221479333999, ,
241,0.2468176283948651, ,
242,0.24015642680137717, ,
243,0.22997087952148831, ,
244,0.5656887169725451, ,
245,0.8824918382874785, ,
246,0.45741599254142784, ,
247,0.054729746723069184, ,
248,-0.012004206702840747, ,
249,-0.1513530099809941, ,
250,-0.5947875720364664, ,
251,-0.9559682916349175, ,
252,-0.5668539474643239, ,
253,-0.1767355153740482, ,
254,-0.10411256304882954, ,
255,0.04751460928650886, ,
256,0.14386000640183738, ,
257,0.16720036765559598, ,
258,0.18300975946135623, ,
259,0.540207223780726, ,
260,0.8735068869170846, ,
261,0.4600500785661552, ,
262,0.06479306436813204, ,
263,0.002039540589976241, ,
264,-0.13597200312597124, ,
265,-0.2149311679472703, ,
266,-0.22000202639196687, ,
267,-0.21932118574159176, ,
268,-0.19729081296736695, ,
269,-0.16137580748045366, ,
270,-0.12560998630601716, ,
271,-0.09016454189827527, ,
272,-0.05823010604194678, ,
273,-0.032307762432537857, ,
274,-0.012202410180634615, ,
275,0.002183950911330612, ,
276,0.01139890712261149, ,
277,0.016450562141017144, ,
278,0.01828601117949802, ,
279,0.017826063822894866, ,
280,0.015908606211041842, ,
281,0.013202256569002202, ,
282,0.010221133380809988, ,
283,0.007331484973974511, ,
284,0.0047637261825457244, ,
285,0.002640880820763414, ,
286,0.0010038624145636277, ,
287,-1.6485732635374006E-4, ,
288,-9.192155937398638E-4, ,
289,-0.001332303663730272, ,
290,-0.0014832673123237328, ,
291,-0.001447980338753041, ,
292,-0.00129329367837272, ,
293,-0.0010740587733835127, ,
294,-8.322379997025564E-4, ,
295,-5.975036581276072E-4, ,
296,-3.8874507754371734E-4, ,
297,-2.1603730215247197E-4, ,
298,-8.273937601188663E-5, ,
299,1.2515374692156911E-5, ,
300,7.408045439660782E-5, ,
301,1.0788009012685507E-4, ,
302,1.203346091642743E-4, ,
303,1.176080390905554E-4, ,
304,1.0513607412576675E-4, ,
305,8.738150040699111E-5, ,
306,6.776153031751164E-5, ,
307,4.869489066550159E-5, ,
308,3.172347192048619E-5, ,
309,1.7672001149549033E-5, ,
310,6.818264409957919E-6, ,
311,-9.451975984120509E-7, ,
312,-5.969674248262891E-6, ,
313,-8.735063829590217E-6, ,
314,-9.762352647157968E-6, ,
315,-9.552275969326729E-6, ,
316,-8.54677705319773E-6, ,
317,-7.108978252290399E-6, ,
318,-5.517150611922261E-6, ,
319,-3.968450755564845E-6, ,
320,-2.5887402443913743E-6, ,
321,-1.4455254131462425E-6, ,
322,-5.61771912543918E-7, ,
323,7.09590040059993E-8, ,
324,4.810110567632364E-7, ,
325,7.072576408972964E-7, ,
326,7.919747986306902E-7, ,
327,7.758399078738876E-7, ,
328,6.947830115677789E-7, ,
329,5.783504093415104E-7, ,
330,4.492028438107809E-7, ,
331,3.2340994948754087E-7, ,
332,2.1124583327036817E-7, ,
333,0.3649880863360977, ,
334,0.7227850070214572, ,
335,0.3366597578658457, ,
336,-0.028922371840280903, ,
337,-0.06322112923157874, ,
338,-0.17695560147717515, ,
339,-0.2361078313579128, ,
340,-0.22617417015771935, ,
341,-0.2151119030809241, ,
342,-0.18660984364760225, ,
343,-0.1474008190468794, ,
344,-0.11074333785131785, ,
345,-0.07605706567574089, ,
346,-0.04590300792824564, ,
347,-0.02227280049987712, ,
348,-0.004586682893659599, ,
349,0.007515766512824484, ,
350,0.014743146228738624, ,
351,0.018182966147378465, ,
352,0.018800131330863223, ,
353,-0.34749640963013917, ,
354,-0.707739083210754, ,
355,-0.32458961741167514, ,

 ************, GATI FFT  : ,************ , , Removed 
0,88759.00015651145
1,3492.5452930953425
2,3696.267630277486
3,3393.054491065713
4,3024.7333360705456
5,2690.485665313526
6,2073.754910074082
7,1603.3730678797886
8,1003.5192163751398
9,614.9583504798169
10,231.52772736434895
11,343.13124425667456
12,545.5242223766094
13,753.1326895849958
14,860.784451266711
15,827.7147869251016
16,790.9279842779291
17,722.6150638471757
18,632.7540929282975
19,514.6396872867477
20,405.2969296236648
21,277.0847273563711
22,197.03817692883143
23,180.61320301396034
24,112.5371086997124
25,169.7713001500514
26,236.67201495942442
27,281.9204420448959
28,313.33758023336065
29,351.704522618387
30,376.8591796229033
31,433.73811553358956
32,438.7791657253395
33,388.57298413198697
34,368.31573097180086
35,303.95439391940016
36,224.85641636437865
37,135.1650087770656
38,72.21397851815594
39,44.444303555660426
40,107.65977178051409
41,160.62426342316544
42,198.44912475448976
43,234.895489860638
44,258.6225074700827
45,280.0202563640994
46,292.8272299570974
47,280.2780588484082
48,259.14613769004427
49,261.3359246853281
50,222.20908864357312
51,193.26573912794046
52,155.2467456482224
53,88.3066524023856
54,38.44133241475088
55,20.065710585666103
56,64.01808835595892
57,123.23950426746576
58,176.37732432538976
59,213.5251597783561
60,240.83583648399065
61,236.49883861388182
62,236.61011308295008
63,220.83275536471115
64,191.26584468746918
65,150.3191655113951
66,114.38262340114967
67,74.26470961543636
68,63.936544938152046
69,52.063663135713
70,53.80561345142379
71,79.81698586631671
72,92.16298350996827
73,115.64621270010018
74,119.1895518408754
75,125.87174537157355
76,128.42713465339025
77,139.90965431191543
78,133.4864138179311
79,123.89218351904219
80,101.57482545591131
81,83.88078955210399
82,67.36120976140167
83,65.98026179640476
84,53.0759138266339
85,77.0718198535033
86,92.80510353312557
87,100.59952664575908
88,104.50180022821253
89,103.97606964091297
90,105.9050583101592
91,98.817859177819
92,95.6297565816112
93,77.4145758819443
94,72.24963820716103
95,80.97320242784961
96,79.81389582097654
97,77.0143154345214
98,73.37718415414035
99,74.251151337085
100,58.164800279695434
101,66.08857548761816
102,70.68833807973391
103,72.7176160624882
104,84.44250292621572
105,92.92152082356937
106,97.0288396900293
107,89.76970536304663
108,80.57198126626177
109,80.93850652162209
110,79.17510037994455
111,56.135268522205905
112,62.00521594453329
113,66.86652233212871
114,74.7302522698619
115,68.81723989017395
116,75.7505848025962
117,66.17968332773675
118,70.64800503609463
119,70.07802406879065
120,62.33136201439035
121,63.07076999732276
122,67.17769884023093
123,72.88214210369486
124,66.39744491822478
125,76.57181068359237
126,72.90461220038732
127,73.90438716635695
128,65.7033440209072
129,57.462888823770314
130,60.09974514983714
131,58.35707297545408
132,70.29082535620778
133,68.97934429222525
134,73.56621209063215
135,64.63910490667207
136,64.87800000802346
137,64.48338427800037
138,57.97124919655084
139,60.872793692833305
140,56.075001993710956
141,65.0505428852588
142,62.01203118585431
143,69.47343406423356
144,68.95397448939613
145,71.37612413742895
146,71.18501051099169
147,57.1118240807171
148,51.559447287503986
149,46.7489903372231
150,53.26370704920042
151,58.887480916241984
152,60.29447429814906
153,67.90589550534395
154,66.84346854884232
155,71.88422500420769
156,66.66674679633402
157,58.36733748806215
158,59.09137576337537
159,59.85417344897951
160,48.831705123612224
161,50.80714882184485
162,54.16294520830199
163,59.74929363588535
164,64.41042533344137
165,66.48763644708603
166,59.63380439276302
167,66.91402743074956
168,62.263298709601735
169,59.45622511936909
170,58.52228145004655
171,52.396078330426896
172,54.806037103642915
173,55.83304933033423
174,53.812355661734045
175,50.954835022866234
176,54.10127468013685
177,55.66553263523065
178,62.407828219145095
179,60.30280072134692
180,58.21838729712555
181,61.005438157427605
182,63.46642692714064
183,54.54598026431756
184,52.99046557900974
185,56.78425131963202
186,60.712270956342444
187,59.176305094883034
188,59.687163937417814
189,54.365025030718186
190,51.077995933508596
191,48.155036280210645
192,58.70938565229596
193,46.76106788561923
194,48.59739698239349
195,55.63910440086831
196,55.58988761961888
197,53.03460267119383
198,59.213523035263385
199,60.74532402971999
200,68.52928855256823
201,0.0
202,0.0
203,0.0
204,0.0
205,0.0
206,0.0
207,0.0
208,0.0
209,0.0
210,0.0
211,0.0
212,0.0
213,0.0
214,0.0
215,0.0
216,0.0
217,0.0
218,0.0
219,0.0
220,0.0
221,0.0
222,0.0
223,0.0
224,0.0
225,0.0
226,0.0
227,0.0
228,0.0
229,0.0
230,0.0
231,0.0
232,0.0
233,0.0
234,0.0
235,0.0
236,0.0
237,0.0
238,0.0
239,0.0
240,0.0
241,0.0
242,0.0
243,0.0
244,0.0
245,0.0
246,0.0
247,0.0
248,0.0
249,0.0
250,0.0
251,0.0
252,0.0
253,0.0
254,0.0
255,0.0
256,0.0
257,0.0
258,0.0
259,0.0
260,0.0
261,0.0
262,0.0
263,0.0
264,0.0
265,0.0
266,0.0
267,0.0
268,0.0
269,0.0
270,0.0
271,0.0
272,0.0
273,0.0
274,0.0
275,0.0
276,0.0
277,0.0
278,0.0
279,0.0
280,0.0
281,0.0
282,0.0
283,0.0
284,0.0
285,0.0
286,0.0
287,0.0
288,0.0
289,0.0
290,0.0
291,0.0
292,0.0
293,0.0
294,0.0
295,0.0
296,0.0
297,0.0
298,0.0
299,0.0
300,0.0
301,0.0
302,0.0
303,0.0
304,0.0
305,0.0
306,0.0
307,0.0
308,0.0
309,0.0
310,0.0
311,0.0
312,0.0
313,0.0
314,0.0
315,0.0
316,0.0
317,0.0
318,0.0
319,0.0
320,0.0
321,0.0
322,0.0
323,0.0
324,0.0
325,0.0
326,0.0
327,0.0
328,0.0
329,0.0
330,0.0
331,0.0
332,0.0
333,0.0
334,0.0
335,0.0
336,0.0
337,0.0
338,0.0
339,0.0
340,0.0
341,0.0
342,0.0
343,0.0
344,0.0
345,0.0
346,0.0
347,0.0
348,0.0
349,0.0
350,0.0
351,0.0
352,0.0
353,0.0
354,0.0
355,0.0
356,0.0
357,0.0
358,0.0
359,0.0
360,0.0
361,0.0
362,0.0
363,0.0
364,0.0
365,0.0
366,0.0
367,0.0
368,0.0
369,0.0
370,0.0
371,0.0
372,0.0
373,0.0
374,0.0
375,0.0
376,0.0
377,0.0
378,0.0
379,0.0
380,0.0
381,0.0
382,0.0
383,0.0
384,0.0
385,0.0
386,0.0
387,0.0
388,0.0
389,0.0
390,0.0
391,0.0
392,0.0
393,0.0
394,0.0
395,0.0
396,0.0
397,0.0
398,0.0
399,0.0
400,0.0
