**** , USER DATA ,****,
, Device Info, 
-------------------------------------
Model :SM-A505F
Device: a50
Manufacturer: samsung
Board: exynos9610
Brand: samsung
SDK or OS  : 30
versionRelease: 11
VERSION_CODE: 5
VERSION_NAME: 1.0
-------------------------------------

 Unique file Id,78469, 
 Front Face,true, 
 Sampling Rate  : 8,

Id provided by Hospital or Entered manually or Randomly generated, 
20220111_112313-SM-A505F-05, 

 ************, User Manual Data : ,************ ,  

Gender,Female,
height,10,
weight,10,
Age,29,
BPsystolic(Manual),130,
BPdiastolic(Manual),80,
heartrate(Manual),10,
Medication,0,
Place ,,

 ************ , Advance Settings ,************ , 

 ************, 
 {hsvMin=60.0, hsvMax=340.0, saturationMin=0.4, saturationMax=1.0, brightnessMin=0.0, brightnessMax=1.0} ,************ ,  

 
  ************, Calculated : ,************

BMI,999,
BMR,55,
BPsystolic,61,
BPdiastolic,90,
Heartrate,90,
Respirationrate,12,
Rythm,Pitta/Kapha(Reg),
Kathinya,15,
Kapha,0.00  %,
Vata,66.67  %,
Pitta,33.33  %,
Tala Result,0.0022561318553464063,
Variance Of Heart Rate,0.29669182740795974,
BSA,0.10147669720569867,
ET,252.57,
SV,-18.697841432889774,
PP,-21.39341125044597,
MPP,83.25,

 ************, KPV2 ,************
K2 , 44.49  %P2 , 28.22  %V2 , 27.29  %
PPG,


Colors Code , RED , GREEN , BLUE , H, S, V , GOOD SIGNAL HSV AVG ( per sec)  , <.1
0,136.0,4.0,0.0,13.608248,0.8016529,0.9490196,242.5,0.0
1,167.0,21.0,3.0,13.608248,0.7983539,0.9529412,243.25
2,192.0,33.0,8.0,13.846154,0.7991803,0.95686275,243.875
3,232.0,71.0,32.0,14.153846,0.7991803,0.95686275,243.75
4,240.0,78.0,39.0,13.917525,0.7983539,0.9529412,244.125
5,242.0,80.0,41.0,13.538462,0.80246913,0.9529412,242.875
6,243.0,82.0,42.0,13.917525,0.7983539,0.9529412,243.0
7,244.0,84.0,42.0,14.153846,0.7991803,0.95686275,241.875
8,244.0,85.0,42.0,14.461538,0.7991803,0.95686275,241.75
9,243.0,82.0,41.0,14.153846,0.7991803,0.95686275,241.0
10,242.0,80.0,40.0,13.608248,0.7983539,0.9529412,241.125
11,243.0,81.0,41.0,14.153846,0.7991803,0.95686275,240.875
12,244.0,83.0,42.0,14.226804,0.795082,0.95686275,242.0
13,244.0,85.0,43.0,14.153846,0.79591835,0.9607843,241.5
14,244.0,85.0,43.0,14.153846,0.7991803,0.95686275,241.625
15,243.0,82.0,41.0,13.917525,0.7983539,0.9529412,241.0
16,243.0,83.0,42.0,13.917525,0.795082,0.95686275,242.0
17,244.0,84.0,43.0,14.226804,0.795082,0.95686275,241.75
18,244.0,86.0,44.0,14.461538,0.79591835,0.9607843,243.0
19,245.0,88.0,44.0,14.226804,0.795082,0.95686275,242.625
20,243.0,84.0,43.0,14.226804,0.7983539,0.9529412,242.5
21,243.0,83.0,43.0,14.226804,0.795082,0.95686275,242.5
22,243.0,84.0,43.0,14.461538,0.79591835,0.9607843,243.0
23,244.0,86.0,44.0,14.536082,0.79183674,0.9607843,243.25
24,245.0,88.0,45.0,14.536082,0.795082,0.95686275,242.875
25,244.0,87.0,44.0,14.536082,0.795082,0.95686275,243.5
26,243.0,84.0,43.0,14.536082,0.79183674,0.9607843,242.875
27,243.0,85.0,43.0,14.845361,0.79183674,0.9607843,243.25
28,244.0,87.0,44.0,14.845361,0.79183674,0.9607843,243.625
29,245.0,88.0,45.0,14.536082,0.79183674,0.9607843,243.25
30,245.0,89.0,45.0,14.611399,0.7909836,0.95686275,243.75
31,243.0,85.0,44.0,14.845361,0.79183674,0.9607843,243.375
32,243.0,85.0,44.0,14.922279,0.78775513,0.9607843,243.5
33,244.0,86.0,44.0,14.922279,0.78775513,0.9607843,244.125
34,245.0,88.0,45.0,244.25
35,245.0,89.0,45.0,214.25
36,243.0,86.0,44.0
37,243.0,85.0,43.0
38,244.0,87.0,44.0
39,244.0,88.0,45.0
40,245.0,89.0,45.0
41,243.0,87.0,44.0
42,242.0,83.0,43.0
43,243.0,84.0,42.0
44,243.0,85.0,43.0
45,244.0,87.0,44.0
46,244.0,87.0,44.0
47,242.0,83.0,42.0
48,242.0,84.0,43.0
49,243.0,85.0,43.0
50,244.0,87.0,44.0
51,244.0,88.0,45.0
52,242.0,84.0,43.0
53,242.0,82.0,42.0
54,242.0,83.0,43.0
55,243.0,85.0,43.0
56,244.0,87.0,44.0
57,242.0,85.0,43.0
58,241.0,82.0,41.0
59,242.0,83.0,42.0
60,243.0,84.0,43.0
61,243.0,86.0,44.0
62,242.0,85.0,43.0
63,241.0,81.0,41.0
64,241.0,81.0,41.0
65,242.0,82.0,42.0
66,243.0,84.0,43.0
67,242.0,84.0,43.0
68,240.0,80.0,41.0
69,241.0,79.0,41.0
70,241.0,81.0,41.0
71,242.0,83.0,43.0
72,243.0,85.0,43.0
73,241.0,81.0,42.0
74,240.0,79.0,41.0
75,241.0,81.0,41.0
76,242.0,83.0,42.0
77,243.0,84.0,43.0
78,241.0,82.0,42.0
79,240.0,78.0,40.0
80,240.0,79.0,40.0
81,241.0,81.0,41.0
82,242.0,83.0,42.0
83,241.0,82.0,41.0
84,240.0,78.0,40.0
85,240.0,79.0,40.0
86,241.0,81.0,41.0
87,242.0,83.0,42.0
88,242.0,83.0,42.0
89,240.0,79.0,40.0
90,240.0,79.0,40.0
91,241.0,81.0,41.0
92,242.0,84.0,42.0
93,243.0,85.0,43.0
94,240.0,81.0,41.0
95,240.0,79.0,40.0
96,241.0,81.0,41.0
97,242.0,83.0,42.0
98,243.0,85.0,43.0
99,242.0,83.0,43.0
100,240.0,80.0,41.0
101,241.0,82.0,41.0
102,242.0,84.0,43.0
103,243.0,86.0,44.0
104,243.0,86.0,44.0
105,241.0,82.0,42.0
106,241.0,81.0,42.0
107,242.0,83.0,43.0
108,243.0,85.0,43.0
109,243.0,87.0,44.0
110,241.0,83.0,42.0
111,240.0,81.0,41.0
112,241.0,83.0,43.0
113,242.0,85.0,43.0
114,243.0,86.0,44.0
115,242.0,85.0,43.0
116,240.0,81.0,41.0
117,241.0,81.0,42.0
118,241.0,83.0,42.0
119,242.0,85.0,43.0
120,242.0,85.0,43.0
121,240.0,81.0,41.0
122,240.0,80.0,41.0
123,241.0,82.0,42.0
124,242.0,84.0,43.0
125,243.0,86.0,44.0
126,241.0,83.0,43.0
127,240.0,81.0,42.0
128,241.0,83.0,43.0
129,242.0,85.0,43.0
130,243.0,87.0,45.0
131,242.0,86.0,44.0
132,240.0,83.0,42.0
133,241.0,84.0,43.0
134,242.0,86.0,44.0
135,243.0,87.0,45.0
136,243.0,87.0,44.0
137,241.0,84.0,43.0
138,241.0,84.0,43.0
139,242.0,86.0,44.0
140,243.0,88.0,45.0
141,243.0,89.0,45.0
142,241.0,85.0,44.0
143,241.0,85.0,43.0
144,242.0,87.0,44.0
145,243.0,88.0,45.0
146,244.0,90.0,46.0
147,242.0,87.0,44.0
148,242.0,86.0,44.0
149,243.0,88.0,45.0
150,243.0,90.0,45.0
151,244.0,91.0,46.0
152,243.0,90.0,46.0
153,242.0,87.0,45.0
154,242.0,89.0,46.0
155,243.0,90.0,46.0
156,244.0,91.0,47.0
157,243.0,90.0,47.0
158,242.0,87.0,45.0
159,242.0,88.0,45.0
160,243.0,89.0,46.0
161,244.0,91.0,46.0
162,243.0,90.0,46.0
163,241.0,86.0,45.0
164,242.0,87.0,45.0
165,243.0,89.0,46.0
166,243.0,90.0,46.0
167,243.0,90.0,46.0
168,241.0,86.0,44.0
169,242.0,86.0,44.0
170,242.0,88.0,45.0
171,243.0,90.0,46.0
172,243.0,90.0,46.0
173,242.0,87.0,45.0
174,242.0,87.0,45.0
175,243.0,89.0,46.0
176,243.0,90.0,46.0
177,244.0,91.0,47.0
178,242.0,89.0,46.0
179,242.0,88.0,46.0
180,243.0,90.0,46.0
181,244.0,91.0,47.0
182,244.0,92.0,47.0
183,243.0,90.0,47.0
184,242.0,89.0,46.0
185,243.0,90.0,46.0
186,244.0,91.0,47.0
187,244.0,92.0,48.0
188,243.0,90.0,47.0
189,242.0,88.0,46.0
190,243.0,90.0,46.0
191,243.0,91.0,47.0
192,244.0,92.0,47.0
193,243.0,90.0,47.0
194,242.0,88.0,46.0
195,243.0,90.0,46.0
196,243.0,91.0,47.0
197,244.0,92.0,47.0
198,243.0,92.0,47.0
199,242.0,89.0,46.0
200,243.0,91.0,47.0
201,244.0,92.0,48.0
202,244.0,93.0,48.0
203,243.0,92.0,48.0
204,242.0,90.0,47.0
205,243.0,91.0,48.0
206,244.0,92.0,48.0
207,244.0,93.0,48.0
208,244.0,93.0,48.0
209,242.0,90.0,47.0
210,243.0,91.0,47.0
211,243.0,92.0,48.0
212,244.0,93.0,48.0
213,243.0,92.0,48.0
214,242.0,89.0,47.0
215,243.0,90.0,47.0
216,243.0,92.0,47.0
217,244.0,93.0,48.0
218,243.0,92.0,48.0
219,242.0,89.0,47.0
220,243.0,91.0,47.0
221,243.0,92.0,47.0
222,244.0,93.0,48.0
223,244.0,93.0,48.0
224,243.0,91.0,48.0
225,243.0,92.0,48.0
226,244.0,94.0,48.0
227,244.0,94.0,49.0
228,244.0,95.0,49.0
229,243.0,92.0,48.0
230,243.0,92.0,48.0
231,244.0,94.0,49.0
232,244.0,94.0,49.0
233,244.0,94.0,49.0
234,242.0,92.0,48.0
235,243.0,92.0,48.0
236,243.0,93.0,48.0
237,244.0,94.0,49.0
238,244.0,94.0,49.0
239,243.0,92.0,48.0
240,243.0,93.0,48.0
241,244.0,94.0,49.0
242,244.0,95.0,49.0
243,244.0,95.0,49.0
244,243.0,93.0,48.0
245,243.0,94.0,49.0
246,244.0,95.0,49.0
247,244.0,96.0,50.0
248,244.0,95.0,49.0
249,243.0,93.0,48.0
250,243.0,94.0,49.0
251,244.0,95.0,49.0
252,244.0,96.0,49.0
253,244.0,95.0,49.0
254,242.0,92.0,48.0
255,243.0,93.0,49.0
256,244.0,94.0,49.0
257,244.0,95.0,49.0
258,243.0,94.0,49.0
259,243.0,92.0,48.0
260,243.0,94.0,49.0
261,244.0,95.0,49.0
262,244.0,96.0,49.0
263,244.0,95.0,49.0
264,243.0,93.0,49.0
265,244.0,95.0,49.0
266,244.0,96.0,50.0
267,245.0,96.0,50.0
268,244.0,95.0,49.0
269,243.0,94.0,49.0
270,244.0,95.0,50.0
271,244.0,96.0,50.0
272,245.0,97.0,50.0
273,244.0,96.0,50.0
274,243.0,95.0,49.0
275,244.0,96.0,50.0
276,245.0,97.0,50.0
277,245.0,98.0,51.0
278,244.0,97.0,50.0
279,244.0,97.0,50.0
280,245.0,98.0,51.0
281,245.0,99.0,51.0
282,245.0,99.0,51.0
283,245.0,98.0,51.0
284,244.0,98.0,51.0
285,245.0,99.0,51.0
286,245.0,100.0,52.0
287,245.0,100.0,52.0

 ************, After Bandpass: ,************
central frequency  ,2.25 
Width frequency  , 3.16 

 ************, PPG Signal : ,************ , , Removed 
0,0.6680645859003107, ,,-136.0
1,0.5487612827373596, ,,-167.0
2,0.6163064247966759, ,,-192.0
3,-1.317245272042328, ,,-232.0
4,-1.0799749849336422, ,,-240.0
5,0.5741731966509178, ,,-242.0
6,0.19665594954994958, ,,-243.0
7,0.9903857586691629, ,,-244.0
8,-0.8162506146607029, ,,-244.0
9,-1.4266753409742705, ,,151.74078418634505
10,0.12872858942841958, ,,111.54947807154457
11,0.4611161427924344, ,,-17.283964837124955
12,0.8363241633508096, ,,-11.383641441111422
13,0.8545293978536392, ,,-64.90901842079359
14,-1.2038869286502631, ,,-42.25377630648484
15,-0.7449164803465465, ,,-54.38831048717293
16,0.5168976794366245, ,,-33.36514868772201
17,1.1132635293179192, ,,-26.840825456309403
18,0.6752003744818467, ,,-15.938743213719363
19,-1.132692731041061, ,,-6.2967612629299765
20,-0.9537121159748949, ,,-6.028821999683032
21,-0.10209703036207429, ,,2.077761966299022
22,0.5025232607899852, ,,-0.6852397048087369
23,1.3691422300073555, ,,6.234130077185455
24,-0.6965484547083634, ,,1.4562259117549274
25,-1.3790756759151463, ,,4.831456793504003
26,0.15874564975047178, ,,-1.3523022658930586
27,0.9901665779150335, ,,2.6030882580491834
28,0.6877206567796748, ,,-0.4007164659319642
29,-0.4259587719100182, ,,2.7510090503244555
30,-0.9940810431476166, ,,-0.3787710378687734
31,-0.5289660816031301, ,,-0.4993290471072669
32,0.6294169400302962, ,,-1.743676902664447
33,1.2174044820997096, ,
34,0.08150371657120559, ,
35,-1.5652580107671383, ,
36,-0.2669411979400138, ,
37,0.40654199468576735, ,
38,0.6811215651671318, ,
39,1.4795525417714543, ,
40,-0.758230696408873, ,
41,-1.4288702577455297, ,
42,0.04465641055367087, ,
43,0.9170138360004785, ,
44,1.2281498069191912, ,
45,-0.6363754254330161, ,
46,-1.5671745849017498, ,
47,-0.5284231738032759, ,
48,0.4033565668041774, ,
49,1.3081778427235804, ,
50,0.04077925104229507, ,
51,-0.8530575732684156, ,
52,-0.39895573278499796, ,
53,0.5445426733924705, ,
54,1.2079400093953154, ,
55,0.572979206400305, ,
56,-1.13824818474518, ,
57,-1.0647840382798677, ,
58,0.4986371395182232, ,
59,0.8905201337292965, ,
60,1.2831151136024346, ,
61,-1.4064907809768101, ,
62,-1.4889802938168941, ,
63,0.5099667625845541, ,
64,0.7498020032180648, ,
65,1.3996122779572033, ,
66,-0.17092757510545198, ,
67,-1.7028288024746416, ,
68,-0.5342110680051064, ,
69,0.8575087217823238, ,
70,0.9872369445922686, ,
71,0.6670417827051551, ,
72,-1.3188187873238348, ,
73,-1.0600341038827992, ,
74,0.3985489556173434, ,
75,0.8681921869663256, ,
76,0.6284248804070103, ,
77,-1.2707906896471286, ,
78,-1.5679902017982386, ,
79,0.001874298125585483, ,
80,1.0682246844507972, ,
81,1.332615552257721, ,
82,0.1749212204529158, ,
83,-1.6355169145751915, ,
84,-0.31095431011090113, ,
85,0.3052180714714723, ,
86,0.6168113181340686, ,
87,0.7864530985521014, ,
88,-1.263047075619852, ,
89,-0.7611287022582474, ,
90,0.5379660363100811, ,
91,1.1118456032068025, ,
92,1.3446413298229345, ,
93,-0.6760141883050892, ,
94,-1.6086321566294828, ,
95,-0.002346441600820981, ,
96,0.7963055418840668, ,
97,1.1601762806649276, ,
98,-0.057501633041056266, ,
99,-1.7837370925822142, ,
100,-0.4309456949174546, ,
101,0.8483064273414129, ,
102,1.0487657496994416, ,
103,0.6824203025894349, ,
104,-1.2981680559328197, ,
105,-1.0396307709718258, ,
106,0.3925574412239712, ,
107,0.8875372174136373, ,
108,0.6106089200470706, ,
109,-1.2539036221489823, ,
110,-0.9630261708111902, ,
111,0.47751496512410085, ,
112,0.9803452370369996, ,
113,1.2918669351277003, ,
114,-0.7296514472973286, ,
115,-1.0150984897300077, ,
116,0.456724968214985, ,
117,0.083407338067218, ,
118,0.6669393608617611, ,
119,-0.265809210271982, ,
120,-1.2581981700502638, ,
121,-0.5553855788446072, ,
122,0.3743723876984859, ,
123,1.1681932442554626, ,
124,-0.07853755641144744, ,
125,-0.9647869245661695, ,
126,-0.4996478350876714, ,
127,0.4949008147088989, ,
128,1.1494001560272409, ,
129,-0.054666111680262475, ,
130,-1.6268244370712637, ,
131,-0.3506384255545072, ,
132,1.0010005833496507, ,
133,0.48415506555420507, ,
134,0.3150187423364059, ,
135,-1.2043549874590553, ,
136,-0.32270082647551135, ,
137,0.49661857956925815, ,
138,0.537935330264645, ,
139,0.8418087604859466, ,
140,-0.71605668850043, ,
141,-0.302456026423215, ,
142,0.4196506550183585, ,
143,0.4158378040210664, ,
144,0.599505021594041, ,
145,-0.7994474239660576, ,
146,-1.146949864448061, ,
147,0.5762844387036239, ,
148,0.8019331783602865, ,
149,0.6240822638740156, ,
150,-0.6661598864807274, ,
151,-1.1821441970371325, ,
152,-0.04572471721439797, ,
153,0.9285553898566832, ,
154,0.48924482218558296, ,
155,-0.5369839108398082, ,
156,-1.1038023678886475, ,
157,0.010799243758810917, ,
158,0.43881069687085983, ,
159,0.6339047847511665, ,
160,0.12050653608184803, ,
161,-1.186057197819764, ,
162,0.3231337131080636, ,
163,0.27111459924503833, ,
164,0.7469055959625166, ,
165,-0.02888020633577071, ,
166,-1.1639740687519406, ,
167,0.2328981972082147, ,
168,0.8846863784758625, ,
169,0.5507133187670661, ,
170,-0.5822269203306405, ,
171,-1.1398685027781994, ,
172,-0.00564715771452029, ,
173,1.0002773410185455, ,
174,0.48439095911817276, ,
175,0.1529506937977203, ,
176,-1.298279182046599, ,
177,-0.4725767738500508, ,
178,0.41968935001295904, ,
179,0.4520139884098171, ,
180,0.18039806728279473, ,
181,-1.2083705911163634, ,
182,0.3845776207504059, ,
183,0.3083714568274445, ,
184,0.7777172276232704, ,
185,0.017628779356527957, ,
186,-1.1638052802954917, ,
187,0.271045576776487, ,
188,0.242508619410728, ,
189,0.7409082973358636, ,
190,0.5527839636652061, ,
191,-0.6796630474700578, ,
192,-0.504610511637793, ,
193,0.40516219286291744, ,
194,0.3192844651382529, ,
195,-0.04808695342489955, ,
196,-0.6560521759033691, ,
197,-0.6364315467599226, ,
198,0.5771961489722344, ,
199,0.3720112659125334, ,
200,0.10230082069256241, ,
201,-1.1951881456498086, ,
202,-0.39699051643401617, ,
203,0.5509227970123902, ,
204,0.5286237601471839, ,
205,0.8924092138997821, ,
206,-0.7049995047825632, ,
207,-0.2731127907170503, ,
208,0.43218279334973886, ,
209,0.4251956621756108, ,
210,-0.015587544381560292, ,
211,-0.6394379830280741, ,
212,-0.6068197765353034, ,
213,0.5484604467465033, ,
214,0.4000780508531534, ,
215,0.06012741894164719, ,
216,-0.5438030863651875, ,
217,-0.5983924427257534, ,
218,0.6661268121315516, ,
219,0.35721590832531547, ,
220,0.16108257347354993, ,
221,-1.2334395167808907, ,
222,-0.36015679441766224, ,
223,1.1357146002326317, ,
224,0.38913397205669753, ,
225,-0.29582423380156797, ,
226,-0.5070699766984035, ,
227,0.024156715217031888, ,
228,0.515455278956324, ,
229,0.5870632885994382, ,
230,-0.019346813488027692, ,
231,-0.5739618909428827, ,
232,-0.021745401292264432, ,
233,0.4021438084532747, ,
234,0.45178571412429847, ,
235,-0.08391575166206167, ,
236,-1.3194964609922408, ,
237,0.1355959556221933, ,
238,0.22966259866257133, ,
239,0.6243036586888593, ,
240,-0.005834787141566267, ,
241,-1.23174558211349, ,
242,0.2806832462165403, ,
243,0.849735349034745, ,
244,0.5960776616957446, ,
245,-0.6006055434822883, ,
246,-0.4837919881090329, ,
247,0.4458452755293365, ,
248,0.3211646077154455, ,
249,-0.03409395493235934, ,
250,-0.037769536522773706, ,
251,-0.7984805120056535, ,
252,0.03745506922405184, ,
253,0.3885943138679977, ,
254,-0.11838718332342069, ,

 ************, GATI FFT  : ,************ , , Removed 
0,69675.0518478458
1,158.1656599771902
2,203.58217469763628
3,260.04282349891344
4,266.3193895343201
5,258.0174793904977
6,227.53077848608763
7,270.00732808835164
8,237.53058184866438
9,246.70348863716146
10,250.70467593164122
11,235.83530914120868
12,254.64744471024255
13,237.66943185316134
14,238.27959507562167
15,242.08597583881607
16,238.03388542508097
17,237.38108859936935
18,234.21467801673722
19,229.95229140372592
20,230.85142394038508
21,233.62601086019396
22,227.0656271781695
23,216.5814307219462
24,220.9523364519644
25,215.65650112293275
26,222.49291479897957
27,214.82672118399822
28,211.04995610027234
29,212.26329907003728
30,201.70865891714246
31,204.1687305230739
32,202.14377862784897
33,197.94295945610338
34,199.356570163245
35,185.2504827539653
36,187.28972426534497
37,189.24339313975602
38,180.5697181820523
39,179.49277219277909
40,172.30115315011855
41,175.65745512720213
42,171.6500074089874
43,170.28306213273592
44,165.9647552931739
45,152.93090695731485
46,154.76697742945052
47,155.84482461628772
48,147.5533801713807
49,142.377649772567
50,144.1668957271164
51,126.6582447224649
52,138.22172779035768
53,106.23301226865371
54,140.90745765433778
55,220.24101581858716
56,91.85741864398972
57,151.84046074866492
58,158.59475646255174
59,134.46505360559775
60,122.0386171498583
61,121.9552273372582
62,111.4864122076582
63,107.49961761078148
64,112.24424134299332
65,111.53829349495614
66,108.62001587217769
67,101.273026807871
68,94.99026080683366
69,94.18452922582145
70,86.37221539715824
71,93.66972330100972
72,80.05623023850174
73,89.99765890438559
74,87.72105822933719
75,83.10405227778023
76,78.28896140133442
77,81.2767856573473
78,78.2920468797297
79,71.55971043984067
80,73.23632713200263
81,73.84656890822815
82,70.84291314410908
83,70.00790164987085
84,69.79363993489092
85,72.73967266395799
86,69.60986128564026
87,61.80662103647646
88,58.862332799363756
89,62.50897353820096
90,69.50085760578979
91,60.31165377872723
92,62.208339629678854
93,52.15834758333309
94,63.08556142320293
95,61.85359644105076
96,55.7494394590654
97,53.96020008822333
98,60.63972641896783
99,54.61813191552358
100,59.652058752594385
101,56.9025894975603
102,56.238056183520094
103,61.817835922866095
104,63.098179391375396
105,60.565763498248835
106,53.65134726776217
107,62.985265194453305
108,44.233010123787146
109,56.45048299679031
110,71.1160588488161
111,60.51188266594998
112,67.91398808532558
113,71.06270059522964
114,53.341843030756536
115,58.39201619652568
116,68.29255004526276
117,69.17101089055123
118,68.18122468832387
119,70.68079256725728
120,68.61534096991662
121,64.5598472565668
122,67.103383691535
123,66.23714928023291
124,63.573336220723185
125,69.07706392260737
126,66.01669312353403
127,72.89140172197617
128,75.92840738084165
129,74.21729140083305
130,64.32778941627016
131,73.48103023512192
132,78.57545832722249
133,73.24934404918508
134,77.23310428723987
135,73.3058909587457
136,70.91964103651328
137,72.52579795015848
138,71.71898689990566
139,77.58023729069329
140,69.54117191771934
141,74.61275854437989
142,76.63307546898808
143,75.27291390415934
144,0.0
145,0.0
146,0.0
147,0.0
148,0.0
149,0.0
150,0.0
151,0.0
152,0.0
153,0.0
154,0.0
155,0.0
156,0.0
157,0.0
158,0.0
159,0.0
160,0.0
161,0.0
162,0.0
163,0.0
164,0.0
165,0.0
166,0.0
167,0.0
168,0.0
169,0.0
170,0.0
171,0.0
172,0.0
173,0.0
174,0.0
175,0.0
176,0.0
177,0.0
178,0.0
179,0.0
180,0.0
181,0.0
182,0.0
183,0.0
184,0.0
185,0.0
186,0.0
187,0.0
188,0.0
189,0.0
190,0.0
191,0.0
192,0.0
193,0.0
194,0.0
195,0.0
196,0.0
197,0.0
198,0.0
199,0.0
200,0.0
201,0.0
202,0.0
203,0.0
204,0.0
205,0.0
206,0.0
207,0.0
208,0.0
209,0.0
210,0.0
211,0.0
212,0.0
213,0.0
214,0.0
215,0.0
216,0.0
217,0.0
218,0.0
219,0.0
220,0.0
221,0.0
222,0.0
223,0.0
224,0.0
225,0.0
226,0.0
227,0.0
228,0.0
229,0.0
230,0.0
231,0.0
232,0.0
233,0.0
234,0.0
235,0.0
236,0.0
237,0.0
238,0.0
239,0.0
240,0.0
241,0.0
242,0.0
243,0.0
244,0.0
245,0.0
246,0.0
247,0.0
248,0.0
249,0.0
250,0.0
251,0.0
252,0.0
253,0.0
254,0.0
255,0.0
256,0.0
257,0.0
258,0.0
259,0.0
260,0.0
261,0.0
262,0.0
263,0.0
264,0.0
265,0.0
266,0.0
267,0.0
268,0.0
269,0.0
270,0.0
271,0.0
272,0.0
273,0.0
274,0.0
275,0.0
276,0.0
277,0.0
278,0.0
279,0.0
280,0.0
281,0.0
282,0.0
283,0.0
284,0.0
285,0.0
286,0.0
287,0.0
