**** , USER DATA ,****,
, Device Info, 
-------------------------------------
Model :SM-A505F
Device: a50
Manufacturer: samsung
Board: exynos9610
Brand: samsung
SDK or OS  : 30
versionRelease: 11
VERSION_CODE: 5
VERSION_NAME: 1.0
-------------------------------------

 Unique file Id,66869, 
 Front Face,true, 
 Sampling Rate  : 8,

Id provided by Hospital or Entered manually or Randomly generated, 
20220111_134931-SM-A505F-27, 

 ************, User Manual Data : ,************ ,  

Gender,Female,
height,160,
weight,70,
Age,29,
BPsystolic(Manual),89,
BPdiastolic(Manual),69,
heartrate(Manual),70,
Medication,0,
Place ,,

 ************ , Advance Settings ,************ , 

 ************, 
 {hsvMin=60.0, hsvMax=340.0, saturationMin=0.4, saturationMax=1.0, brightnessMin=0.0, brightnessMax=1.0} ,************ ,  

 
  ************, Calculated : ,************

BMI,27,
BMR,1627,
BPsystolic,107,
BPdiastolic,75,
Heartrate,104,
Respirationrate,12,
Rythm,Pitta/Kapha(Reg),
Kathinya,277,
Kapha,50.00  %,
Vata,16.67  %,
Pitta,33.33  %,
Tala Result,0.003942855758778202,
Variance Of Heart Rate,0.6234695539899184,
BSA,1.7318886979699173,
ET,252.57,
SV,38.49080339798465,
PP,24.086860699614927,
MPP,83.25,

 ************, KPV2 ,************
K2 , 40.81  %P2 , 28.67  %V2 , 30.52  %
PPG,


Colors Code , RED , GREEN , BLUE , H, S, V , GOOD SIGNAL HSV AVG ( per sec)  , <.1
0,63.0,27.0,24.0,17.695852,0.89669424,0.9490196,92.5,0.0
1,46.0,9.0,7.0,17.889908,0.90082645,0.9490196,231.125,0.0
2,43.0,3.0,1.0,17.614677,0.90082645,0.9490196,246.375,0.0
3,59.0,4.0,1.0,17.614677,0.90082645,0.9490196,241.375,0.0
4,77.0,3.0,1.0,17.695852,0.89669424,0.9490196,243.125,0.0
5,81.0,0.0,0.0,17.695852,0.89669424,0.9490196,242.375,0.0
6,99.0,0.0,0.0,17.695852,0.90041494,0.94509804,242.5
7,118.0,3.0,0.0,17.614677,0.9045643,0.94509804,242.0
8,154.0,20.0,0.0,17.695852,0.90041494,0.94509804,241.0
9,184.0,43.0,3.0,17.614677,0.90082645,0.9490196,241.0
10,231.0,90.0,27.0,17.614677,0.90082645,0.9490196,240.875
11,234.0,96.0,29.0,17.419353,0.90041494,0.94509804,240.5
12,233.0,98.0,29.0,17.695852,0.90041494,0.94509804,241.0
13,238.0,102.0,33.0,17.614677,0.90082645,0.9490196,241.5
14,241.0,105.0,35.0,17.889908,0.90082645,0.9490196,242.125
15,243.0,107.0,36.0,17.419353,0.90041494,0.94509804,242.625
16,245.0,109.0,37.0,17.419353,0.90041494,0.94509804,243.25
17,245.0,108.0,37.0,17.614677,0.90082645,0.9490196,243.25
18,246.0,108.0,36.0,17.889908,0.90082645,0.9490196,243.0
19,250.0,113.0,39.0,17.614677,0.90082645,0.9490196,242.5
20,250.0,112.0,38.0,17.695852,0.90041494,0.94509804,242.0
21,249.0,110.0,37.0,17.614677,0.90082645,0.9490196,242.0
22,245.0,104.0,32.0,17.614677,0.90082645,0.9490196,242.0
23,244.0,102.0,30.0,17.695852,0.89669424,0.9490196,242.0
24,242.0,100.0,29.0,17.419353,0.90041494,0.94509804,241.125
25,236.0,96.0,27.0,17.419353,0.90041494,0.94509804,241.875
26,235.0,94.0,26.0,17.339449,0.90082645,0.9490196,241.625
27,240.0,98.0,28.0,17.614677,0.90082645,0.9490196,241.5
28,243.0,101.0,30.0,17.419353,0.90041494,0.94509804,241.375
29,245.0,103.0,32.0,17.614677,0.9045643,0.94509804,242.375
30,244.0,102.0,31.0,17.419353,0.90041494,0.94509804,242.5
31,244.0,101.0,31.0,17.419353,0.90041494,0.94509804,242.0
32,244.0,100.0,30.0,17.889908,0.89344263,0.95686275,242.0
33,244.0,100.0,30.0,17.80822,0.897541,0.95686275,241.375
34,243.0,99.0,30.0,241.625
35,243.0,99.0,30.0,241.5
36,243.0,98.0,29.0,121.25
37,243.0,98.0,29.0
38,243.0,98.0,29.0
39,243.0,98.0,29.0
40,243.0,98.0,30.0
41,243.0,97.0,29.0
42,243.0,97.0,29.0
43,242.0,97.0,29.0
44,243.0,97.0,29.0
45,242.0,97.0,29.0
46,242.0,96.0,29.0
47,242.0,97.0,29.0
48,242.0,97.0,29.0
49,243.0,97.0,29.0
50,243.0,97.0,29.0
51,242.0,97.0,29.0
52,242.0,97.0,29.0
53,243.0,97.0,29.0
54,243.0,98.0,30.0
55,242.0,97.0,29.0
56,242.0,97.0,29.0
57,242.0,97.0,29.0
58,242.0,97.0,29.0
59,242.0,97.0,29.0
60,242.0,96.0,29.0
61,242.0,96.0,29.0
62,242.0,96.0,28.0
63,242.0,96.0,29.0
64,242.0,96.0,29.0
65,241.0,95.0,28.0
66,241.0,95.0,28.0
67,241.0,95.0,28.0
68,241.0,95.0,28.0
69,241.0,94.0,28.0
70,241.0,94.0,28.0
71,241.0,94.0,27.0
72,241.0,94.0,27.0
73,241.0,94.0,28.0
74,241.0,94.0,27.0
75,241.0,94.0,27.0
76,241.0,94.0,27.0
77,241.0,94.0,28.0
78,241.0,94.0,28.0
79,241.0,94.0,28.0
80,241.0,94.0,27.0
81,241.0,94.0,28.0
82,241.0,94.0,28.0
83,241.0,94.0,28.0
84,241.0,94.0,27.0
85,240.0,93.0,27.0
86,241.0,94.0,27.0
87,241.0,94.0,28.0
88,241.0,94.0,28.0
89,240.0,93.0,27.0
90,240.0,93.0,27.0
91,241.0,94.0,28.0
92,241.0,94.0,28.0
93,240.0,93.0,28.0
94,240.0,93.0,27.0
95,241.0,94.0,27.0
96,241.0,94.0,28.0
97,241.0,94.0,28.0
98,241.0,94.0,28.0
99,241.0,94.0,27.0
100,241.0,94.0,28.0
101,241.0,95.0,28.0
102,241.0,95.0,28.0
103,241.0,94.0,27.0
104,241.0,94.0,28.0
105,241.0,94.0,28.0
106,241.0,95.0,28.0
107,241.0,95.0,28.0
108,241.0,95.0,28.0
109,242.0,95.0,28.0
110,242.0,96.0,28.0
111,242.0,96.0,29.0
112,242.0,95.0,28.0
113,241.0,95.0,28.0
114,242.0,95.0,28.0
115,242.0,96.0,28.0
116,242.0,96.0,29.0
117,242.0,96.0,29.0
118,242.0,97.0,29.0
119,243.0,97.0,29.0
120,243.0,98.0,29.0
121,242.0,97.0,29.0
122,242.0,97.0,29.0
123,242.0,97.0,29.0
124,243.0,97.0,29.0
125,243.0,98.0,29.0
126,243.0,97.0,29.0
127,243.0,97.0,29.0
128,243.0,97.0,29.0
129,243.0,98.0,29.0
130,243.0,98.0,29.0
131,243.0,97.0,29.0
132,243.0,98.0,29.0
133,243.0,99.0,30.0
134,244.0,100.0,31.0
135,243.0,100.0,30.0
136,244.0,100.0,30.0
137,244.0,100.0,31.0
138,244.0,101.0,31.0
139,243.0,100.0,31.0
140,243.0,100.0,30.0
141,243.0,99.0,30.0
142,243.0,99.0,30.0
143,243.0,99.0,30.0
144,243.0,98.0,29.0
145,243.0,98.0,29.0
146,243.0,98.0,29.0
147,243.0,99.0,30.0
148,243.0,98.0,29.0
149,243.0,98.0,29.0
150,243.0,98.0,29.0
151,243.0,98.0,29.0
152,243.0,99.0,30.0
153,243.0,98.0,29.0
154,243.0,98.0,29.0
155,243.0,98.0,29.0
156,243.0,98.0,29.0
157,242.0,97.0,29.0
158,242.0,97.0,28.0
159,242.0,96.0,28.0
160,242.0,97.0,29.0
161,242.0,96.0,28.0
162,242.0,96.0,28.0
163,242.0,96.0,28.0
164,242.0,96.0,28.0
165,242.0,96.0,28.0
166,242.0,96.0,28.0
167,242.0,95.0,28.0
168,242.0,95.0,28.0
169,242.0,96.0,28.0
170,242.0,96.0,28.0
171,242.0,95.0,27.0
172,242.0,95.0,27.0
173,242.0,95.0,28.0
174,242.0,95.0,28.0
175,242.0,94.0,27.0
176,242.0,94.0,27.0
177,242.0,94.0,27.0
178,242.0,95.0,27.0
179,242.0,95.0,28.0
180,242.0,95.0,28.0
181,242.0,95.0,27.0
182,242.0,95.0,28.0
183,242.0,95.0,28.0
184,242.0,94.0,27.0
185,242.0,94.0,27.0
186,242.0,94.0,27.0
187,242.0,95.0,27.0
188,242.0,95.0,27.0
189,242.0,94.0,27.0
190,242.0,94.0,27.0
191,242.0,94.0,27.0
192,242.0,94.0,27.0
193,241.0,93.0,27.0
194,241.0,93.0,26.0
195,241.0,93.0,26.0
196,241.0,93.0,26.0
197,241.0,93.0,27.0
198,241.0,92.0,26.0
199,241.0,92.0,26.0
200,242.0,93.0,26.0
201,242.0,93.0,27.0
202,242.0,92.0,26.0
203,241.0,92.0,26.0
204,242.0,92.0,26.0
205,242.0,92.0,26.0
206,242.0,93.0,26.0
207,242.0,92.0,26.0
208,242.0,92.0,26.0
209,242.0,92.0,26.0
210,242.0,93.0,26.0
211,241.0,92.0,26.0
212,241.0,92.0,25.0
213,242.0,92.0,25.0
214,242.0,93.0,26.0
215,242.0,92.0,26.0
216,241.0,92.0,26.0
217,242.0,92.0,26.0
218,242.0,92.0,26.0
219,242.0,93.0,26.0
220,241.0,92.0,26.0
221,241.0,92.0,25.0
222,241.0,92.0,26.0
223,242.0,92.0,26.0
224,241.0,92.0,26.0
225,241.0,91.0,25.0
226,241.0,91.0,26.0
227,242.0,92.0,26.0
228,242.0,92.0,26.0
229,241.0,92.0,25.0
230,241.0,91.0,26.0
231,241.0,92.0,26.0
232,242.0,92.0,26.0
233,241.0,91.0,25.0
234,241.0,91.0,25.0
235,241.0,91.0,25.0
236,242.0,92.0,26.0
237,244.0,94.0,27.0
238,244.0,93.0,26.0
239,243.0,93.0,26.0
240,243.0,93.0,26.0
241,243.0,93.0,26.0
242,243.0,92.0,26.0
243,242.0,91.0,25.0
244,242.0,91.0,25.0
245,243.0,91.0,26.0
246,243.0,91.0,25.0
247,242.0,90.0,25.0
248,242.0,90.0,25.0
249,242.0,90.0,25.0
250,242.0,91.0,25.0
251,242.0,90.0,25.0
252,242.0,89.0,25.0
253,242.0,89.0,25.0
254,242.0,90.0,25.0
255,242.0,90.0,25.0
256,242.0,88.0,24.0
257,242.0,88.0,24.0
258,242.0,89.0,24.0
259,242.0,89.0,25.0
260,242.0,89.0,24.0
261,242.0,88.0,24.0
262,242.0,88.0,24.0
263,242.0,89.0,25.0
264,242.0,89.0,25.0
265,241.0,88.0,24.0
266,241.0,87.0,23.0
267,241.0,88.0,24.0
268,242.0,88.0,24.0
269,242.0,88.0,24.0
270,241.0,87.0,24.0
271,241.0,88.0,24.0
272,242.0,88.0,24.0
273,242.0,89.0,24.0
274,241.0,87.0,24.0
275,241.0,87.0,24.0
276,242.0,88.0,24.0
277,242.0,89.0,24.0
278,242.0,88.0,24.0
279,241.0,88.0,24.0
280,242.0,88.0,24.0
281,242.0,88.0,24.0
282,242.0,89.0,25.0
283,241.0,87.0,24.0
284,241.0,87.0,24.0
285,242.0,87.0,24.0
286,242.0,88.0,24.0
287,241.0,87.0,24.0
288,241.0,87.0,23.0
289,241.0,87.0,24.0
290,241.0,87.0,24.0
291,244.0,91.0,26.0
292,244.0,90.0,25.0

 ************, After Bandpass: ,************
central frequency  ,2.25 
Width frequency  , 3.16 

 ************, PPG Signal : ,************ , , Removed 
0,-0.9251679632686773, ,,-63.0
1,-1.6837956688646045, ,,-46.0
2,-1.4597174097341394, ,,-43.0
3,-0.6699103948558331, ,,-59.0
4,-0.5610038751369757, ,,-77.0
5,-0.04242224052313759, ,,-81.0
6,-0.07727032199818495, ,,-99.0
7,0.18839900762986872, ,,-118.0
8,0.08551030862463449, ,,-154.0
9,0.19052318227772957, ,,114.89837156496908
10,-0.5343483874487447, ,,114.2873217838987
11,0.27795178649034824, ,,10.358795235018832
12,-0.04047717664548145, ,,-12.110516957180721
13,-0.43805663214084234, ,,-49.46396964109272
14,0.3070111702365921, ,,-40.64620646361709
15,-0.04127693928671761, ,,-47.28058929944268
16,0.9424057720541441, ,,-33.67227543435661
17,0.535207131754305, ,,-28.182037339088765
18,-0.4978429116931693, ,,-19.033629875959377
19,-0.4405264697088569, ,,-7.89941716424255
20,0.5031714354659016, ,,-5.824439368310777
21,0.3862215656022272, ,,-1.326478058941575
22,-0.6504208562705571, ,,-4.74361683483221
23,-0.4432984863169622, ,,-0.09576285259163342
24,-0.12487425359540794, ,,-1.6565709496005638
25,-0.032382681179115025, ,,-1.4501193842449993
26,0.09079144408838147, ,,-2.0386519094961386
27,0.10534097929030395, ,,6.3497776137239725
28,0.11681291083300493, ,,6.037187467664353
29,0.10410362497941605, ,,6.282395875185102
30,0.07241048323203358, ,,1.8787760340233035
31,0.06226496933322778, ,,0.5715479735931694
32,-0.5993820599069295, ,,-0.5657122522243299
33,-0.4356384551520023, ,
34,0.0690568581194384, ,
35,0.05798797390730215, ,
36,0.2567616100291161, ,
37,0.17400988529766437, ,
38,0.20931696833486058, ,
39,0.13331049775661086, ,
40,0.10510998739573552, ,
41,0.06645556561124977, ,
42,0.02529641208866451, ,
43,0.021856978743699074, ,
44,-0.013962237283067225, ,
45,0.0032207315432515315, ,
46,-0.02390688839932409, ,
47,-2.0012957111248397E-4, ,
48,-0.01990322177402959, ,
49,0.001534545736376458, ,
50,-0.012419407545849026, ,
51,0.0031677788183515077, ,
52,-0.6306524442516093, ,
53,0.16612662417492174, ,
54,0.5310670616536299, ,
55,-0.017830929475167068, ,
56,-0.40752377470016654, ,
57,-0.5549457466643162, ,
58,0.7428338744382472, ,
59,0.4272064947929266, ,
60,-0.4488748633623345, ,
61,-0.3847319129836251, ,
62,0.6105020979948677, ,
63,0.46549860731624904, ,
64,0.05473367731883627, ,
65,0.07039266348579076, ,
66,-0.1585076120472877, ,
67,-0.061848977492445556, ,
68,-0.16996637862712305, ,
69,-0.06453028780674686, ,
70,-0.10930828257505709, ,
71,-0.03200114434662282, ,
72,-0.04812748435779213, ,
73,-0.006338094467537303, ,
74,-0.009909478461850085, ,
75,0.004041333714667417, ,
76,0.631163707628275, ,
77,0.46583295330765395, ,
78,-0.0613739452610389, ,
79,-0.050778544076365506, ,
80,-0.8846354740226161, ,
81,-0.013759159475057459, ,
82,0.31869690835992515, ,
83,-0.15802408546528568, ,
84,0.10868708244584013, ,
85,-0.16433688234883448, ,
86,0.6441412825258794, ,
87,0.35168145146053575, ,
88,-0.704208132333406, ,
89,-0.5629011210173758, ,
90,-0.21051296168616318, ,
91,0.49426906515145674, ,
92,0.49603645405477437, ,
93,-0.017641621936718366, ,
94,0.04277731927777495, ,
95,-0.18059826624062225, ,
96,-0.10448219677118686, ,
97,-0.15655164219629114, ,
98,-0.10506330030875688, ,
99,-0.07941215646746969, ,
100,-0.06541419080349442, ,
101,0.6082784172590436, ,
102,-0.1947782868903687, ,
103,0.10739684632449098, ,
104,0.46749499312181797, ,
105,-0.2642492235145255, ,
106,-0.5894064822086875, ,
107,-0.7556502550376081, ,
108,-0.022510547505589784, ,
109,-0.13306616078443767, ,
110,0.17494688344982023, ,
111,0.10762891653735096, ,
112,0.157330027894659, ,
113,0.14343022920706971, ,
114,0.07276590583114739, ,
115,0.10732511508535936, ,
116,0.0012467714182093914, ,
117,0.06524522062613869, ,
118,-0.0347071510348087, ,
119,0.03705831874140131, ,
120,-0.04165015078729084, ,
121,0.021865086461048122, ,
122,-0.03351349247009239, ,
123,0.013881324591238808, ,
124,-0.6457421167899611, ,
125,-0.45278756236166373, ,
126,0.06104890714868816, ,
127,0.05651760211844703, ,
128,0.26528592524095984, ,
129,0.17625564122022297, ,
130,0.22095098611112007, ,
131,0.13405103494778814, ,
132,0.1142897489266943, ,
133,0.06502660090063728, ,
134,0.03103107447759612, ,
135,0.019360677941222093, ,
136,-0.010888784706367005, ,
137,8.133850167268974E-4, ,
138,-0.022459737158442294, ,
139,-0.0019067889750203904, ,
140,-0.019331558548401517, ,
141,6.288223526098591E-4, ,
142,-0.012293815129851282, ,
143,0.002885291471329765, ,
144,-0.006303803263563168, ,
145,0.0033908158991380333, ,
146,-0.0025571743030923244, ,
147,0.0026095673954387166, ,
148,-6.374062454597151E-4, ,
149,0.0014066560386254423, ,
150,1.9353728248461266E-4, ,
151,3.762993342206755E-4, ,
152,4.899038722214755E-4, ,
153,-2.606775869935518E-4, ,
154,5.535790742214886E-4, ,
155,-5.296545600685931E-4, ,
156,5.174690152216499E-4, ,
157,-5.52574873154299E-4, ,
158,4.349816042577004E-4, ,
159,-4.527167673131771E-4, ,
160,-0.6241154347840165, ,
161,-0.4619378087406858, ,
162,0.07202518867188701, ,
163,0.05141948401137597, ,
164,0.26906725378557894, ,
165,0.1743866842157331, ,
166,0.22071293494286692, ,
167,0.7589043638140538, ,
168,0.5738844006123145, ,
169,-0.005088069970952347, ,
170,-0.6475197457964441, ,
171,-0.08462512222058649, ,
172,0.34576211100829823, ,
173,-0.23803318897353165, ,
174,0.05856804206450761, ,
175,-0.2070351930333345, ,
176,-0.04113927361413516, ,
177,-0.11301157879165658, ,
178,-0.6812319143373315, ,
179,-0.4905049202209284, ,
180,0.6485965264414517, ,
181,0.5340531321646722, ,
182,0.16017934380101906, ,
183,-0.46239990517187834, ,
184,0.08522117224924841, ,
185,0.5317148537885714, ,
186,-0.15201685478768923, ,
187,-0.4456769387604709, ,
188,-0.657580480479055, ,
189,0.09161163555313578, ,
190,0.5359819236480234, ,
191,0.0755614292475002, ,
192,-0.42268706017785007, ,
193,0.204013153206688, ,
194,0.5351107939009125, ,
195,0.6366249787379274, ,
196,-0.6525907858570008, ,
197,-0.4247396870382545, ,
198,-0.12198600002898274, ,
199,0.512134886680542, ,
200,-0.04554064964713689, ,
201,-0.5282078803520562, ,
202,0.18327884285486107, ,
203,0.4252410129552118, ,
204,1.9301305706032963, ,
205,0.8048836966502222, ,
206,-0.6613174565241025, ,
207,-0.826598128594469, ,
208,-0.5627995230784109, ,
209,-0.49778795253928365, ,
210,-0.9147163265220115, ,
211,-0.6466928423469653, ,
212,0.609017473575932, ,
213,0.5069777247188085, ,
214,-0.4217250275537481, ,
215,-0.2816947189219263, ,
216,0.04857438563044525, ,
217,0.06955433214284312, ,
218,0.17539383562575495, ,
219,0.14498379740985, ,
220,0.13833350619370322, ,
221,0.10859014194488736, ,
222,0.0645848622414178, ,
223,0.05542069191619703, ,
224,0.010315583665715167, ,
225,0.01996945560540553, ,
226,-0.014596832909319346, ,
227,0.004356304109478515, ,
228,-0.01913618074695478, ,
229,4.6841274797770893E-4, ,
230,-0.014582000243535731, ,
231,8.510043153364677E-4, ,
232,-0.6327789638453396, ,
233,-0.46003807179249634, ,
234,0.06824667092132586, ,
235,0.6775994765316682, ,
236,0.7297610031930617, ,
237,-0.520842971656748, ,
238,-0.2921329701262039, ,
239,0.5619949067793186, ,
240,0.45182915184091144, ,
241,-0.5815900509114726, ,
242,-0.4438638698552495, ,
243,0.5565984077279609, ,
244,0.3940628680372811, ,
245,0.062367086715994446, ,
246,-0.6145480078969285, ,
247,0.043154076484142934, ,
248,0.42517468627079325, ,
249,-0.14469861239126658, ,
250,-0.5060814592995939, ,
251,-0.626968219190303, ,
252,0.685751848342079, ,
253,0.40568476221437777, ,
254,-0.47235259888088876, ,
255,-0.3785086009402221, ,
256,-0.020258413538385867, ,
257,0.018610816833870558, ,
258,1.9990731038956255, ,
259,1.519923176427028, ,

 ************, GATI FFT  : ,************ , , Removed 
0,69393.00045247866
1,1510.7756267896389
2,1417.5419375741812
3,1560.4517022421571
4,1494.925900416616
5,1446.9128076459888
6,1426.264740963719
7,1400.107974770195
8,1384.858172673834
9,1349.853411033773
10,1280.071048693791
11,1239.058425577978
12,1201.9845191946897
13,1149.747292852626
14,1082.5459445681715
15,1003.6278530610499
16,915.2886655808445
17,869.8550880651967
18,795.2037073622289
19,725.0349067396795
20,669.0038798209059
21,623.7403301337484
22,576.0292162825884
23,558.4094231708156
24,513.5286070448396
25,468.47542411454555
26,437.6509970509419
27,401.24833775546057
28,353.4580381092184
29,296.5467088842126
30,236.24441813562234
31,200.3350510491902
32,197.03335056394533
33,185.84878395550837
34,197.96205516412292
35,205.11103176781
36,222.1578968183176
37,219.58209017571986
38,232.7505407597742
39,243.9285246964283
40,235.13378867532865
41,238.49371717236474
42,237.9783146451532
43,242.42595112161837
44,256.4464281541408
45,264.97877073764187
46,270.88617005005585
47,266.50536820949105
48,265.573430079255
49,265.87698144729785
50,259.0660019197756
51,244.19452800571423
52,230.61202759977704
53,224.74004214878323
54,204.97413433699904
55,197.61186095844727
56,189.25782355839146
57,177.25276564755538
58,177.6156357136683
59,167.86426539198936
60,160.0016013163068
61,134.0631734001021
62,113.64464602507293
63,127.00000563836245
64,122.63865391383328
65,124.48292227875615
66,110.77475158112942
67,117.55157541349638
68,134.80708011141408
69,142.43630330984237
70,142.41511414390027
71,134.8633125660627
72,133.55085917320412
73,131.49944846772576
74,126.88739489656949
75,132.75262981511418
76,136.04488935403685
77,125.52678276762778
78,124.2488623350424
79,122.96615064163439
80,124.9246677355461
81,119.33108603789783
82,119.47344395863074
83,105.70911164553279
84,94.4921882145573
85,92.8271091959152
86,88.65598332107452
87,82.66522199597786
88,76.37591297705048
89,75.4800958750835
90,78.70766795658926
91,86.10136318441471
92,82.37928960903156
93,89.59749626790511
94,91.96422357996015
95,95.71350337456091
96,97.10253817410145
97,103.47125033279106
98,100.54265127906226
99,100.33272997525516
100,104.32497758117928
101,109.12627636086293
102,112.22283222616313
103,114.28153339053468
104,115.27324848592042
105,105.27996332833331
106,103.7416284957688
107,102.83895263359491
108,94.62327537861408
109,88.44788296508493
110,83.6791249966996
111,82.04616467209843
112,79.68460552272053
113,75.72420797446223
114,82.9057323769432
115,78.9021622563508
116,76.8981630422351
117,87.93325253358232
118,83.76480156248093
119,83.1213382662234
120,80.5204511071767
121,85.89660806563103
122,92.90581221076192
123,92.93818509404848
124,99.36936698846863
125,96.64563856400468
126,99.96291522341441
127,105.67154705544526
128,109.05023163463528
129,105.62842234757427
130,105.96919979310783
131,105.29408543972615
132,103.68962943420962
133,101.09998187630565
134,97.1699218275988
135,98.33724549956327
136,96.40943278049731
137,94.72788369129572
138,83.43210287246814
139,78.8535683249136
140,76.78394888082495
141,74.0993483407954
142,62.98950296566756
143,67.03271602847651
144,66.74060458811903
145,67.56201203421169
146,64.15114176184257
147,0.0
148,0.0
149,0.0
150,0.0
151,0.0
152,0.0
153,0.0
154,0.0
155,0.0
156,0.0
157,0.0
158,0.0
159,0.0
160,0.0
161,0.0
162,0.0
163,0.0
164,0.0
165,0.0
166,0.0
167,0.0
168,0.0
169,0.0
170,0.0
171,0.0
172,0.0
173,0.0
174,0.0
175,0.0
176,0.0
177,0.0
178,0.0
179,0.0
180,0.0
181,0.0
182,0.0
183,0.0
184,0.0
185,0.0
186,0.0
187,0.0
188,0.0
189,0.0
190,0.0
191,0.0
192,0.0
193,0.0
194,0.0
195,0.0
196,0.0
197,0.0
198,0.0
199,0.0
200,0.0
201,0.0
202,0.0
203,0.0
204,0.0
205,0.0
206,0.0
207,0.0
208,0.0
209,0.0
210,0.0
211,0.0
212,0.0
213,0.0
214,0.0
215,0.0
216,0.0
217,0.0
218,0.0
219,0.0
220,0.0
221,0.0
222,0.0
223,0.0
224,0.0
225,0.0
226,0.0
227,0.0
228,0.0
229,0.0
230,0.0
231,0.0
232,0.0
233,0.0
234,0.0
235,0.0
236,0.0
237,0.0
238,0.0
239,0.0
240,0.0
241,0.0
242,0.0
243,0.0
244,0.0
245,0.0
246,0.0
247,0.0
248,0.0
249,0.0
250,0.0
251,0.0
252,0.0
253,0.0
254,0.0
255,0.0
256,0.0
257,0.0
258,0.0
259,0.0
260,0.0
261,0.0
262,0.0
263,0.0
264,0.0
265,0.0
266,0.0
267,0.0
268,0.0
269,0.0
270,0.0
271,0.0
272,0.0
273,0.0
274,0.0
275,0.0
276,0.0
277,0.0
278,0.0
279,0.0
280,0.0
281,0.0
282,0.0
283,0.0
284,0.0
285,0.0
286,0.0
287,0.0
288,0.0
289,0.0
290,0.0
291,0.0
292,0.0
