**** , USER DATA ,****,
, Device Info, 
-------------------------------------
Model :SM-A505F
Device: a50
Manufacturer: samsung
Board: exynos9610
Brand: samsung
SDK or OS  : 30
versionRelease: 11
VERSION_CODE: 5
VERSION_NAME: 1.0
-------------------------------------

 Unique file Id,34834, 
 Front Face,true, 
 Sampling Rate  : 8,

Id provided by Hospital or Entered manually or Randomly generated, 
20220111_125713-SM-A505F-19, 

 ************, User Manual Data : ,************ ,  

Gender,Female,
height,160,
weight,70,
Age,29,
BPsystolic(Manual),99,
BPdiastolic(Manual),69,
heartrate(Manual),70,
Medication,0,
Place ,,

 ************ , Advance Settings ,************ , 

 ************, 
 {hsvMin=60.0, hsvMax=340.0, saturationMin=0.4, saturationMax=1.0, brightnessMin=0.0, brightnessMax=1.0} ,************ ,  

 
  ************, Calculated : ,************

BMI,27,
BMR,1627,
BPsystolic,114,
BPdiastolic,72,
Heartrate,82,
Respirationrate,12,
Rythm,Pitta/Kapha(Reg),
Kathinya,218,
Kapha,33.33  %,
Vata,16.67  %,
Pitta,50.00  %,
Tala Result,0.002252644252080477,
Variance Of Heart Rate,0.6210762879224982,
BSA,1.7318886979699173,
ET,252.57,
SV,52.13080339798466,
PP,30.919812217072757,
MPP,83.25,

 ************, KPV2 ,************
K2 , 42.79  %P2 , 31.84  %V2 , 25.37  %
PPG,


Colors Code , RED , GREEN , BLUE , H, S, V , GOOD SIGNAL HSV AVG ( per sec)  , <.1
0,71.0,13.0,7.0,15.333334,0.4918033,0.7176471,182.0,0.0
1,104.0,39.0,25.0,14.831461,0.4863388,0.7176471,184.75,0.0
2,169.0,101.0,81.0,15.0,0.48087433,0.7176471,180.75,0.0
3,184.0,119.0,95.0,15.0,0.48087433,0.7176471,180.25,0.0
4,185.0,123.0,98.0,14.831461,0.4863388,0.7176471,180.25
5,186.0,124.0,100.0,15.505618,0.4863388,0.7176471,179.25
6,187.0,126.0,103.0,15.333334,0.48913044,0.72156864,179.0
7,186.0,127.0,103.0,15.505618,0.48369566,0.72156864,178.75
8,184.0,125.0,102.0,15.505618,0.48369566,0.72156864,179.875
9,181.0,123.0,99.0,15.333334,0.48913044,0.72156864,182.375
10,180.0,122.0,98.0,15.505618,0.4863388,0.7176471,182.25
11,180.0,121.0,97.0,15.333334,0.48913044,0.72156864,181.875
12,186.0,124.0,100.0,14.831461,0.48369566,0.72156864,182.25
13,188.0,126.0,102.0,15.505618,0.48369566,0.72156864,182.375
14,190.0,129.0,104.0,15.0,0.48087433,0.7176471,183.125
15,188.0,126.0,102.0,14.831461,0.4863388,0.7176471,182.75
16,185.0,122.0,99.0,15.333334,0.4918033,0.7176471,182.75
17,182.0,120.0,97.0,15.333334,0.4918033,0.7176471,183.0
18,181.0,119.0,96.0,14.831461,0.4863388,0.7176471,183.0
19,181.0,119.0,96.0,15.505618,0.4863388,0.7176471,183.125
20,181.0,119.0,96.0,14.831461,0.4863388,0.7176471,183.0
21,181.0,119.0,96.0,14.666667,0.4918033,0.7176471,182.625
22,180.0,118.0,95.0,14.666667,0.4918033,0.7176471,183.0
23,180.0,117.0,94.0,14.831461,0.4863388,0.7176471,182.875
24,180.0,117.0,94.0,14.831461,0.48369566,0.72156864,183.0
25,180.0,117.0,95.0,15.505618,0.48369566,0.72156864,182.875
26,180.0,118.0,95.0,14.831461,0.48369566,0.72156864,183.5
27,181.0,118.0,95.0,14.831461,0.48369566,0.72156864,183.125
28,180.0,117.0,95.0,14.831461,0.48369566,0.72156864,183.0
29,180.0,117.0,94.0,15.505618,0.48369566,0.72156864,183.625
30,180.0,117.0,94.0,15.505618,0.48369566,0.72156864,183.25
31,180.0,117.0,95.0,15.505618,0.4863388,0.7176471,183.0
32,181.0,118.0,95.0,14.831461,0.4863388,0.7176471,183.5
33,181.0,119.0,96.0,14.831461,0.4863388,0.7176471,183.375
34,181.0,118.0,95.0,183.375
35,180.0,117.0,94.0,160.625
36,180.0,117.0,94.0
37,180.0,117.0,94.0
38,180.0,117.0,94.0
39,180.0,117.0,94.0
40,180.0,117.0,94.0
41,179.0,116.0,93.0
42,179.0,115.0,93.0
43,179.0,115.0,92.0
44,179.0,115.0,93.0
45,180.0,116.0,93.0
46,180.0,116.0,93.0
47,179.0,115.0,93.0
48,179.0,114.0,92.0
49,179.0,114.0,92.0
50,179.0,114.0,92.0
51,179.0,114.0,92.0
52,179.0,115.0,92.0
53,179.0,115.0,92.0
54,179.0,114.0,92.0
55,179.0,114.0,91.0
56,179.0,114.0,91.0
57,179.0,114.0,92.0
58,179.0,115.0,92.0
59,179.0,115.0,92.0
60,179.0,114.0,92.0
61,178.0,114.0,91.0
62,178.0,114.0,91.0
63,179.0,114.0,92.0
64,179.0,114.0,92.0
65,179.0,115.0,92.0
66,178.0,114.0,91.0
67,178.0,113.0,91.0
68,178.0,113.0,91.0
69,178.0,113.0,91.0
70,182.0,117.0,95.0
71,183.0,118.0,95.0
72,183.0,117.0,95.0
73,182.0,116.0,94.0
74,182.0,116.0,94.0
75,183.0,117.0,94.0
76,183.0,117.0,95.0
77,183.0,117.0,95.0
78,182.0,116.0,94.0
79,182.0,116.0,94.0
80,182.0,116.0,94.0
81,182.0,116.0,94.0
82,183.0,116.0,94.0
83,183.0,117.0,94.0
84,182.0,115.0,93.0
85,182.0,115.0,93.0
86,182.0,115.0,93.0
87,182.0,115.0,93.0
88,182.0,116.0,94.0
89,182.0,116.0,94.0
90,182.0,115.0,93.0
91,181.0,114.0,92.0
92,181.0,114.0,92.0
93,182.0,115.0,93.0
94,182.0,115.0,93.0
95,183.0,116.0,94.0
96,182.0,115.0,93.0
97,182.0,115.0,93.0
98,182.0,115.0,93.0
99,182.0,115.0,93.0
100,183.0,116.0,94.0
101,183.0,116.0,94.0
102,182.0,115.0,93.0
103,182.0,115.0,93.0
104,182.0,115.0,93.0
105,182.0,115.0,93.0
106,183.0,116.0,94.0
107,183.0,116.0,94.0
108,182.0,115.0,93.0
109,182.0,115.0,93.0
110,182.0,115.0,93.0
111,182.0,115.0,93.0
112,183.0,116.0,94.0
113,183.0,117.0,94.0
114,183.0,116.0,94.0
115,183.0,116.0,94.0
116,183.0,116.0,94.0
117,183.0,117.0,94.0
118,183.0,117.0,95.0
119,184.0,118.0,95.0
120,183.0,117.0,94.0
121,183.0,116.0,94.0
122,183.0,116.0,94.0
123,183.0,116.0,94.0
124,183.0,117.0,94.0
125,183.0,117.0,94.0
126,182.0,116.0,93.0
127,182.0,116.0,93.0
128,183.0,116.0,93.0
129,183.0,116.0,94.0
130,183.0,117.0,94.0
131,183.0,116.0,94.0
132,182.0,115.0,93.0
133,182.0,115.0,93.0
134,183.0,116.0,93.0
135,183.0,116.0,94.0
136,183.0,117.0,94.0
137,183.0,116.0,94.0
138,183.0,116.0,93.0
139,183.0,116.0,93.0
140,183.0,116.0,94.0
141,183.0,117.0,94.0
142,183.0,117.0,95.0
143,183.0,116.0,94.0
144,183.0,116.0,94.0
145,183.0,116.0,94.0
146,183.0,117.0,94.0
147,183.0,117.0,94.0
148,183.0,117.0,94.0
149,183.0,116.0,93.0
150,183.0,116.0,93.0
151,183.0,116.0,93.0
152,183.0,116.0,94.0
153,183.0,117.0,94.0
154,183.0,116.0,94.0
155,183.0,116.0,93.0
156,183.0,116.0,93.0
157,183.0,116.0,94.0
158,183.0,117.0,94.0
159,184.0,118.0,95.0
160,183.0,117.0,94.0
161,183.0,116.0,93.0
162,183.0,116.0,93.0
163,183.0,116.0,94.0
164,183.0,117.0,94.0
165,183.0,117.0,95.0
166,183.0,117.0,94.0
167,183.0,116.0,93.0
168,183.0,116.0,93.0
169,183.0,116.0,94.0
170,183.0,116.0,94.0
171,183.0,117.0,94.0
172,182.0,116.0,93.0
173,182.0,115.0,93.0
174,182.0,115.0,93.0
175,183.0,116.0,93.0
176,183.0,116.0,94.0
177,183.0,117.0,94.0
178,183.0,116.0,94.0
179,183.0,116.0,93.0
180,183.0,116.0,93.0
181,183.0,116.0,94.0
182,183.0,116.0,94.0
183,183.0,117.0,94.0
184,183.0,116.0,93.0
185,182.0,115.0,93.0
186,183.0,116.0,93.0
187,183.0,116.0,94.0
188,183.0,117.0,94.0
189,183.0,117.0,94.0
190,183.0,116.0,94.0
191,183.0,116.0,93.0
192,183.0,116.0,93.0
193,183.0,116.0,94.0
194,183.0,117.0,94.0
195,183.0,116.0,94.0
196,183.0,116.0,93.0
197,183.0,116.0,93.0
198,183.0,116.0,93.0
199,183.0,116.0,94.0
200,183.0,117.0,94.0
201,183.0,116.0,94.0
202,182.0,116.0,93.0
203,183.0,116.0,93.0
204,183.0,116.0,93.0
205,183.0,116.0,94.0
206,183.0,117.0,94.0
207,183.0,116.0,94.0
208,183.0,116.0,94.0
209,183.0,116.0,94.0
210,183.0,117.0,94.0
211,184.0,118.0,95.0
212,184.0,118.0,95.0
213,183.0,117.0,94.0
214,183.0,117.0,95.0
215,184.0,117.0,95.0
216,184.0,118.0,95.0
217,184.0,118.0,95.0
218,183.0,117.0,94.0
219,183.0,116.0,94.0
220,183.0,117.0,94.0
221,183.0,117.0,94.0
222,183.0,117.0,95.0
223,183.0,117.0,94.0
224,183.0,116.0,94.0
225,183.0,116.0,94.0
226,183.0,116.0,94.0
227,183.0,117.0,94.0
228,183.0,117.0,95.0
229,183.0,116.0,94.0
230,183.0,116.0,93.0
231,183.0,116.0,93.0
232,183.0,116.0,94.0
233,184.0,117.0,95.0
234,184.0,118.0,95.0
235,183.0,117.0,94.0
236,183.0,117.0,94.0
237,183.0,117.0,94.0
238,184.0,117.0,95.0
239,184.0,118.0,95.0
240,184.0,117.0,95.0
241,183.0,117.0,94.0
242,183.0,117.0,94.0
243,183.0,117.0,94.0
244,184.0,117.0,95.0
245,184.0,118.0,95.0
246,183.0,116.0,94.0
247,183.0,116.0,94.0
248,183.0,116.0,94.0
249,183.0,116.0,94.0
250,183.0,117.0,94.0
251,183.0,117.0,94.0
252,183.0,116.0,93.0
253,183.0,116.0,93.0
254,183.0,116.0,93.0
255,183.0,116.0,94.0
256,183.0,117.0,95.0
257,183.0,117.0,95.0
258,183.0,116.0,94.0
259,183.0,117.0,94.0
260,184.0,117.0,94.0
261,184.0,118.0,95.0
262,184.0,118.0,95.0
263,184.0,117.0,94.0
264,183.0,117.0,94.0
265,184.0,117.0,94.0
266,184.0,117.0,95.0
267,184.0,118.0,95.0
268,183.0,117.0,95.0
269,183.0,116.0,94.0
270,183.0,116.0,93.0
271,183.0,116.0,93.0
272,183.0,116.0,94.0
273,183.0,117.0,94.0
274,183.0,116.0,94.0
275,183.0,115.0,93.0
276,183.0,115.0,93.0
277,183.0,116.0,94.0
278,184.0,117.0,95.0
279,184.0,118.0,95.0
280,184.0,117.0,95.0
281,184.0,117.0,95.0
282,184.0,117.0,95.0
283,184.0,118.0,95.0
284,184.0,118.0,95.0
285,183.0,117.0,94.0
286,183.0,116.0,94.0
287,183.0,116.0,94.0

 ************, After Bandpass: ,************
central frequency  ,2.25 
Width frequency  , 3.16 

 ************, PPG Signal : ,************ , , Removed 
0,0.4547158667523945, ,,-71.0
1,-0.26874250963464874, ,,-104.0
2,-0.7592877066322217, ,,-169.0
3,-0.7684885210906032, ,,-184.0
4,-0.19761375437155948, ,,-185.0
5,-0.11486287297327635, ,,-186.0
6,0.04746646312901248, ,,-187.0
7,0.14969598291361308, ,,-186.0
8,-0.5446163652466112, ,,-184.0
9,-0.27139160943318075, ,,113.02502855032284
10,0.10303777592366714, ,,82.92897026878
11,0.19655186809939096, ,,-13.456967785484466
12,0.8749380053366167, ,,-5.523133323006391
13,0.7247618163623883, ,,-44.606441941262744
14,-0.5178041206095259, ,,-29.571086824661506
15,-0.33114866365326634, ,,-40.54197240918688
16,-0.1274636434829972, ,,-28.778805379211008
17,-0.03263909885754401, ,,-24.98511455163623
18,0.04580809340711767, ,,-15.862607530727928
19,0.07222747173341304, ,,-6.252065530006007
20,0.07796538487752969, ,,-3.856516892382956
21,0.07456900378156206, ,,3.3306399627581413
22,0.05302335606768338, ,,0.05440181119024601
23,0.04505746195081883, ,,5.072993632672706
24,0.021337116407607937, ,,1.1865605071484424
25,0.018326851880374306, ,,4.470987460878405
26,0.0013413672481874528, ,,0.5512433902068778
27,0.0035252869411124266, ,,3.4016725317100054
28,-0.6306948244633759, ,,-0.35675206909047574
29,-0.46331555518804635, ,,0.7929984713072145
30,0.6897431557101754, ,,-0.5009201451829313
31,0.5111417527862159, ,,0.23275836841401087
32,0.19298765425276088, ,,0.23675523699102996
33,-0.5026673148163354, ,
34,-0.5117076145471628, ,
35,0.0315483958124787, ,
36,-0.05712708728890448, ,
37,2.699018828558792, ,
38,2.5620239372790365, ,
39,0.3499112202669039, ,
40,-0.8094520907245624, ,
41,-1.4954316240571188, ,
42,-0.2146213085677573, ,
43,-0.5185629084511447, ,
44,-0.5360918617685684, ,
45,-1.0963216760362684, ,
46,-0.8785234153195915, ,
47,-0.17166842840083518, ,
48,-0.1650827626061755, ,
49,0.8362283174448066, ,
50,0.5601927035315839, ,
51,-0.4407949012717154, ,
52,-0.3891551389540382, ,
53,-0.028950672031442082, ,
54,-0.048813444824418184, ,
55,0.12050346616456409, ,
56,0.06717481954797222, ,
57,0.11938109243578765, ,
58,-0.5529610776914069, ,
59,-0.39314126191413834, ,
60,0.7397005192233337, ,
61,0.534995171675746, ,
62,0.8406902986731666, ,
63,-0.044613461614744665, ,
64,-0.5750973114129465, ,
65,-0.033421533238993106, ,
66,-0.32302965713518006, ,
67,0.6381773374274644, ,
68,0.3341883374570216, ,
69,-0.6642808429280649, ,
70,-0.5299763829734729, ,
71,-0.1752929464847739, ,
72,-0.0933434705336822, ,
73,0.6744183771171492, ,
74,0.5415978886618404, ,
75,-0.6024085092011546, ,
76,-0.4100763951734052, ,
77,-0.1354025698968826, ,
78,-0.05089945144732155, ,
79,0.6927518284016969, ,
80,0.5387820967509924, ,
81,0.030610779910830388, ,
82,0.03115837135055699, ,
83,-0.2001481766174038, ,
84,-0.12443161172302553, ,
85,-0.19254708651601504, ,
86,0.5100904140853117, ,
87,-0.272690474671208, ,
88,-0.5962853246403483, ,
89,-0.016081009153595005, ,
90,-0.24037193651133748, ,
91,0.09910292057247716, ,
92,-0.05066010199948323, ,
93,-0.5198522996179236, ,
94,-0.4394971849638978, ,
95,0.75944191200756, ,
96,0.5501023221327159, ,
97,0.216291880860922, ,
98,0.15459564802540626, ,
99,-0.6819947808320421, ,
100,-0.47784605422839377, ,
101,0.5669634093508193, ,
102,0.46313033871808784, ,
103,0.092138571649798, ,
104,0.09094862182803354, ,
105,-0.10655734646354631, ,
106,-0.048914492635958595, ,
107,-0.13027106191907478, ,
108,-0.06435826485039797, ,
109,-0.08593363789509567, ,
110,-0.03942645789970811, ,
111,-0.03667420179715464, ,
112,-0.015277232494213422, ,
113,-0.005147132287106615, ,
114,-0.002861841303683832, ,
115,0.008311366991847535, ,
116,3.2088961575027497E-4, ,
117,0.010649463463096254, ,
118,-5.465853545274513E-4, ,
119,0.008363991362557499, ,
120,-0.0019318238561254475, ,
121,0.005259108930090406, ,
122,-0.002479406853353794, ,
123,0.002833402833744003, ,
124,-0.0021708629479917363, ,
125,0.0013162797247332492, ,
126,0.6230015838810914, ,
127,-0.1623475905230407, ,
128,-0.5341246470819669, ,
129,0.020235343054423538, ,
130,-0.21747948075869772, ,
131,0.09429005519587008, ,
132,-0.04601270717034822, ,
133,0.08591524715211563, ,
134,0.022518320839367334, ,
135,0.045284415265768985, ,
136,0.03843598857508823, ,
137,0.006863411247877593, ,
138,0.03483836360715031, ,
139,-0.6405521379429047, ,
140,-0.4344451128198443, ,
141,0.04779815883398442, ,
142,0.6963757778681838, ,
143,0.7082178858601083, ,
144,0.11748914775728281, ,
145,0.15243356850498913, ,
146,-0.12421319278280407, ,
147,-0.07262733785034925, ,
148,-0.14756616271517942, ,
149,-0.11131036824974672, ,
150,-0.08750074140812103, ,
151,-0.08181578816652291, ,
152,-0.6491759101368189, ,
153,0.11716571453621327, ,
154,0.5458473686903744, ,
155,-0.042539382971085615, ,
156,0.24218200987172622, ,
157,-0.1058478393583755, ,
158,0.06899529760471523, ,
159,-0.09330963121988134, ,
160,-0.00663206799845284, ,
161,-0.05074494602456525, ,
162,-0.02964513929111945, ,
163,-0.010678354825017777, ,
164,-0.031143534506099968, ,
165,0.013984485256173684, ,
166,-0.026461636666340382, ,
167,0.023371036062030726, ,
168,-0.0210358774100996, ,
169,-0.6016995230836528, ,
170,0.14680080358937175, ,
171,0.5509702470657203, ,
172,-0.03165853236498606, ,
173,0.2287846075176958, ,
174,-0.1018775337987563, ,
175,0.05248152100898551, ,
176,-0.09023968655549197, ,
177,-0.019575147871705667, ,
178,0.5773204895959907, ,
179,0.42388875584435937, ,
180,-0.7033020287664158, ,
181,-0.5485921817833059, ,
182,0.4441374315648545, ,
183,0.310528045495289, ,
184,0.0015618591104384905, ,
185,-0.6575181806610999, ,
186,-0.5987387699217379, ,
187,-0.05069951965515429, ,
188,-0.06784478451459108, ,
189,0.16870205546717898, ,
190,0.11497128234839238, ,
191,0.16573819627240027, ,
192,0.12280379424669263, ,
193,0.0903403967711256, ,
194,0.07837125366415876, ,
195,0.02254520493158907, ,
196,0.03823169434872398, ,
197,-0.014279079386710691, ,
198,0.01599224046810832, ,
199,-0.025007169772720772, ,
200,0.6317978398916466, ,
201,0.43984584789939163, ,
202,-0.6912330963306204, ,
203,-0.5274569111585379, ,
204,-0.1929021076562094, ,
205,0.4942031950431556, ,
206,0.5131173379845677, ,
207,-0.03458145239733312, ,
208,-0.5658111665205752, ,
209,-0.6630382421651575, ,
210,-0.018450396986850137, ,
211,0.5014906524251046, ,
212,0.6373734169816316, ,
213,-0.6141717524652677, ,
214,-0.3490593015447985, ,
215,-0.08695486478848125, ,
216,-0.03669451305415805, ,
217,0.1269956169364832, ,
218,0.057437594048678875, ,
219,0.15294410446199436, ,
220,0.04803811284989479, ,
221,0.10731905291856947, ,
222,0.014946077120612244, ,
223,0.05566494447293735, ,
224,-0.007670010306696895, ,
225,0.020926674653878763, ,
226,-0.014587006020519766, ,
227,0.6281066766692902, ,
228,0.449873649034771, ,
229,-0.07438474621744717, ,
230,-0.05749998759688424, ,
231,-0.8971434752420464, ,
232,-0.012612362476602357, ,
233,0.30945094220953706, ,
234,-0.15285371336801745, ,
235,-0.5220256784728008, ,
236,-0.6200429879162357, ,
237,0.08731975349451204, ,
238,-0.05347728763319992, ,
239,0.25822072226083037, ,
240,0.12804282810736822, ,
241,0.2055554116948315, ,
242,0.1289424687763585, ,
243,0.09745249577292725, ,
244,0.08157407143721684, ,
245,0.6386398570471101, ,
246,0.5037007315545452, ,
247,-0.09860380440682093, ,
248,-0.030228145457840583, ,
249,-0.3051957781379997, ,
250,-0.1610435463602471, ,
251,-0.25070421090720174, ,
252,-0.748353804061253, ,
253,-0.5934690747139939, ,
254,0.013573781369814242, ,

 ************, GATI FFT  : ,************ , , Removed 
0,52332.02021707169
1,297.7762478055391
2,150.1949395242636
3,100.90482794852899
4,159.83238874821097
5,211.35295683328687
6,207.20765396224257
7,170.89027819417768
8,197.92630687419862
9,239.07276436789164
10,231.44884736978867
11,198.79145952817981
12,199.98400507631698
13,242.21776544721652
14,234.87336201890588
15,200.09760867257037
16,195.92473128187802
17,202.8857022717336
18,200.80349047322613
19,181.2823765537538
20,175.17057182531704
21,188.54539904889046
22,199.82055331367283
23,189.34938917942088
24,180.30872333836973
25,204.73689267461833
26,213.7832068889339
27,207.28552101407587
28,214.3419257826433
29,220.28745983897352
30,232.49834025505265
31,213.09468993890422
32,209.25361331153303
33,210.32794936301335
34,214.11506289465336
35,207.81564436504436
36,185.57581320985818
37,189.14845920631763
38,179.17893624659155
39,182.14888881181332
40,159.96879107021093
41,151.477964148504
42,161.85843452466213
43,158.98040288467962
44,152.26262019957915
45,143.99668819895427
46,145.19058630908486
47,172.73064319151305
48,172.33978066598553
49,146.6831451936503
50,181.93226001708663
51,162.46949480638244
52,149.93351474496532
53,150.7209995952304
54,156.04706608141828
55,169.28106605812272
56,158.15178526038451
57,155.65260465640387
58,145.00372877597448
59,152.85579062798658
60,146.3323647737237
61,146.69325183827084
62,144.39606166404798
63,136.4525877013858
64,132.38167387531058
65,131.79623601284948
66,138.26575291851256
67,138.24443966061892
68,132.36875492420427
69,130.57301461622544
70,132.98811005990117
71,125.12800951533139
72,128.81770064707723
73,121.67976851287165
74,119.17229988247915
75,122.54879979465873
76,122.05955050980765
77,114.84364717257992
78,110.02008803655156
79,113.79103397254677
80,116.22986599299215
81,112.9823073038785
82,107.80047262632408
83,109.46630841886041
84,107.16426113615971
85,106.2180142319229
86,103.32894185429753
87,99.61163190112948
88,98.70153499788587
89,99.21611646110017
90,91.88023628940537
91,94.46201847917408
92,94.50716381177969
93,93.30761123928822
94,89.55138641728654
95,81.17303497120668
96,90.14987520790032
97,82.64301881536251
98,80.40328565003988
99,81.1466180441456
100,80.14737468975518
101,77.9864118184477
102,75.15190888421155
103,77.72593693158119
104,79.35392383078532
105,75.93999323797115
106,72.9841487047279
107,74.5915618665914
108,72.03900021168967
109,67.25821087917899
110,69.61204224318665
111,66.9971548216782
112,62.43490949280682
113,67.15725742222799
114,68.16701661435346
115,59.667796105410346
116,56.01391230315923
117,66.35188040211011
118,59.44981910493156
119,53.57641690724389
120,55.46858830083247
121,53.11052091382685
122,55.34871120730274
123,55.06996765575173
124,50.95446287144445
125,49.61529960297432
126,53.34129320286011
127,49.112131526215464
128,51.74956751547124
129,56.46062856781492
130,56.525531078627864
131,55.20553311551476
132,54.81840811722348
133,52.91452097902547
134,55.433836267308074
135,51.86736735308654
136,45.56465199415
137,49.270702700239156
138,41.940044427717226
139,44.94494339692696
140,45.708973748375804
141,46.74770470053944
142,44.64793587442872
143,40.352247268805066
144,0.0
145,0.0
146,0.0
147,0.0
148,0.0
149,0.0
150,0.0
151,0.0
152,0.0
153,0.0
154,0.0
155,0.0
156,0.0
157,0.0
158,0.0
159,0.0
160,0.0
161,0.0
162,0.0
163,0.0
164,0.0
165,0.0
166,0.0
167,0.0
168,0.0
169,0.0
170,0.0
171,0.0
172,0.0
173,0.0
174,0.0
175,0.0
176,0.0
177,0.0
178,0.0
179,0.0
180,0.0
181,0.0
182,0.0
183,0.0
184,0.0
185,0.0
186,0.0
187,0.0
188,0.0
189,0.0
190,0.0
191,0.0
192,0.0
193,0.0
194,0.0
195,0.0
196,0.0
197,0.0
198,0.0
199,0.0
200,0.0
201,0.0
202,0.0
203,0.0
204,0.0
205,0.0
206,0.0
207,0.0
208,0.0
209,0.0
210,0.0
211,0.0
212,0.0
213,0.0
214,0.0
215,0.0
216,0.0
217,0.0
218,0.0
219,0.0
220,0.0
221,0.0
222,0.0
223,0.0
224,0.0
225,0.0
226,0.0
227,0.0
228,0.0
229,0.0
230,0.0
231,0.0
232,0.0
233,0.0
234,0.0
235,0.0
236,0.0
237,0.0
238,0.0
239,0.0
240,0.0
241,0.0
242,0.0
243,0.0
244,0.0
245,0.0
246,0.0
247,0.0
248,0.0
249,0.0
250,0.0
251,0.0
252,0.0
253,0.0
254,0.0
255,0.0
256,0.0
257,0.0
258,0.0
259,0.0
260,0.0
261,0.0
262,0.0
263,0.0
264,0.0
265,0.0
266,0.0
267,0.0
268,0.0
269,0.0
270,0.0
271,0.0
272,0.0
273,0.0
274,0.0
275,0.0
276,0.0
277,0.0
278,0.0
279,0.0
280,0.0
281,0.0
282,0.0
283,0.0
284,0.0
285,0.0
286,0.0
287,0.0
