**** , USER DATA ,****,
, Device Info, 
-------------------------------------
Model :SM-A505F
Device: a50
Manufacturer: samsung
Board: exynos9610
Brand: samsung
SDK or OS  : 30
versionRelease: 11
VERSION_CODE: 5
VERSION_NAME: 1.0
-------------------------------------

 Unique file Id,66307, 
 Front Face,true, 
 Sampling Rate  : 8,

Id provided by Hospital or Entered manually or Randomly generated, 
20220111_134931-SM-A505F-29, 

 ************, User Manual Data : ,************ ,  

Gender,Female,
height,160,
weight,70,
Age,29,
BPsystolic(Manual),130,
BPdiastolic(Manual),90,
heartrate(Manual),70,
Medication,0,
Place ,,

 ************ , Advance Settings ,************ , 

 ************, 
 {hsvMin=60.0, hsvMax=340.0, saturationMin=0.4, saturationMax=1.0, brightnessMin=0.0, brightnessMax=1.0} ,************ ,  

 
  ************, Calculated : ,************

BMI,27,
BMR,1627,
BPsystolic,114,
BPdiastolic,72,
Heartrate,80,
Respirationrate,12,
Rythm,Pitta/Kapha(Reg),
Kathinya,213,
Kapha,16.67  %,
Vata,33.33  %,
Pitta,50.00  %,
Tala Result,0.0,
Variance Of Heart Rate,0.2564378919059193,
BSA,1.7318886979699173,
ET,252.57,
SV,53.37080339798465,
PP,31.505787129861076,
MPP,83.25,

 ************, KPV2 ,************
K2 , 44.25  %P2 , 26.82  %V2 , 28.93  %
PPG,


Colors Code , RED , GREEN , BLUE , H, S, V , GOOD SIGNAL HSV AVG ( per sec)  , <.1
0,131.0,7.0,0.0,9.441625,0.8678414,0.8901961,237.25,0.0
1,160.0,25.0,4.0,9.441625,0.86403507,0.89411765,240.75
2,184.0,38.0,8.0,9.441625,0.8678414,0.8901961,237.75
3,227.0,78.0,31.0,9.137056,0.8716814,0.8862745,235.875
4,239.0,89.0,39.0,8.832487,0.8716814,0.8862745,233.625
5,239.0,89.0,40.0,9.137056,0.8716814,0.8862745,232.375
6,239.0,90.0,43.0,9.441625,0.8678414,0.8901961,232.5
7,239.0,90.0,40.0,9.69697,0.8684211,0.89411765,232.0
8,240.0,91.0,42.0,9.137056,0.8678414,0.8901961,231.625
9,241.0,92.0,43.0,8.832487,0.8716814,0.8862745,231.125
10,241.0,93.0,43.0,9.137056,0.8716814,0.8862745,230.625
11,240.0,90.0,43.0,9.137056,0.8678414,0.8901961,230.5
12,240.0,90.0,43.0,9.69697,0.8684211,0.89411765,229.625
13,240.0,90.0,43.0,9.69697,0.8684211,0.89411765,230.375
14,241.0,93.0,45.0,9.393939,0.8722467,0.8901961,230.0
15,242.0,93.0,46.0,9.090909,0.8722467,0.8901961,228.875
16,241.0,93.0,46.0,9.393939,0.8722467,0.8901961,229.375
17,240.0,89.0,43.0,9.393939,0.8684211,0.89411765,229.75
18,238.0,86.0,42.0,9.69697,0.8646288,0.8980392,228.75
19,237.0,85.0,41.0,9.69697,0.8684211,0.89411765,229.625
20,238.0,85.0,41.0,9.090909,0.8722467,0.8901961,229.25
21,238.0,86.0,42.0,9.137056,0.8716814,0.8862745,228.625
22,238.0,86.0,42.0,9.393939,0.8722467,0.8901961,228.375
23,237.0,83.0,41.0,9.441625,0.8678414,0.8901961,227.0
24,236.0,81.0,40.0,9.69697,0.8684211,0.89411765,227.25
25,236.0,81.0,40.0,9.393939,0.8722467,0.8901961,227.75
26,236.0,82.0,40.0,9.090909,0.8761062,0.8862745,226.375
27,237.0,83.0,41.0,9.090909,0.8761062,0.8862745,225.875
28,237.0,83.0,41.0,9.137056,0.8716814,0.8862745,225.875
29,236.0,81.0,40.0,9.393939,0.8722467,0.8901961,225.625
30,235.0,79.0,39.0,9.69697,0.8722467,0.8901961,227.125
31,235.0,78.0,38.0,9.090909,0.8761062,0.8862745,227.0
32,235.0,78.0,39.0,8.787879,0.8761062,0.8862745,226.5
33,235.0,79.0,39.0,9.090909,0.8761062,0.8862745,227.625
34,235.0,79.0,39.0,227.0
35,234.0,76.0,37.0,198.0
36,233.0,73.0,36.0
37,232.0,73.0,36.0
38,233.0,74.0,36.0
39,233.0,75.0,37.0
40,234.0,76.0,37.0
41,233.0,74.0,36.0
42,232.0,72.0,35.0
43,232.0,72.0,35.0
44,232.0,72.0,36.0
45,233.0,74.0,36.0
46,233.0,75.0,37.0
47,233.0,74.0,36.0
48,231.0,71.0,34.0
49,232.0,71.0,34.0
50,232.0,72.0,35.0
51,233.0,74.0,36.0
52,234.0,75.0,36.0
53,233.0,74.0,36.0
54,232.0,71.0,35.0
55,232.0,71.0,35.0
56,232.0,71.0,35.0
57,233.0,73.0,36.0
58,233.0,74.0,37.0
59,232.0,73.0,36.0
60,231.0,70.0,34.0
61,231.0,69.0,34.0
62,231.0,70.0,34.0
63,232.0,71.0,35.0
64,233.0,73.0,36.0
65,232.0,72.0,35.0
66,231.0,68.0,33.0
67,231.0,68.0,33.0
68,231.0,69.0,33.0
69,232.0,71.0,34.0
70,233.0,72.0,35.0
71,232.0,71.0,34.0
72,231.0,68.0,32.0
73,231.0,67.0,32.0
74,231.0,68.0,33.0
75,232.0,70.0,33.0
76,233.0,71.0,34.0
77,232.0,69.0,34.0
78,230.0,66.0,32.0
79,230.0,65.0,31.0
80,230.0,66.0,32.0
81,231.0,67.0,32.0
82,232.0,69.0,33.0
83,231.0,68.0,33.0
84,229.0,64.0,31.0
85,229.0,64.0,31.0
86,230.0,65.0,31.0
87,231.0,66.0,32.0
88,232.0,68.0,33.0
89,231.0,68.0,32.0
90,230.0,65.0,31.0
91,230.0,64.0,31.0
92,230.0,65.0,31.0
93,231.0,67.0,32.0
94,232.0,68.0,32.0
95,231.0,67.0,32.0
96,229.0,63.0,30.0
97,229.0,63.0,30.0
98,229.0,63.0,31.0
99,230.0,65.0,31.0
100,231.0,67.0,32.0
101,230.0,66.0,32.0
102,229.0,63.0,30.0
103,229.0,63.0,31.0
104,230.0,64.0,31.0
105,230.0,65.0,32.0
106,231.0,67.0,32.0
107,231.0,67.0,32.0
108,229.0,64.0,31.0
109,229.0,63.0,30.0
110,230.0,64.0,31.0
111,231.0,66.0,32.0
112,232.0,68.0,33.0
113,231.0,68.0,32.0
114,230.0,65.0,31.0
115,230.0,64.0,31.0
116,230.0,65.0,32.0
117,230.0,66.0,32.0
118,231.0,67.0,32.0
119,230.0,66.0,32.0
120,228.0,63.0,30.0
121,228.0,62.0,30.0
122,229.0,63.0,31.0
123,229.0,65.0,31.0
124,230.0,67.0,32.0
125,230.0,66.0,32.0
126,228.0,63.0,31.0
127,228.0,62.0,30.0
128,229.0,63.0,31.0
129,229.0,65.0,32.0
130,230.0,66.0,32.0
131,230.0,66.0,32.0
132,228.0,63.0,31.0
133,228.0,62.0,30.0
134,229.0,63.0,31.0
135,230.0,65.0,31.0
136,231.0,67.0,32.0
137,231.0,67.0,33.0
138,229.0,65.0,31.0
139,229.0,64.0,31.0
140,229.0,65.0,32.0
141,230.0,66.0,32.0
142,231.0,68.0,33.0
143,230.0,67.0,33.0
144,229.0,64.0,31.0
145,228.0,63.0,31.0
146,229.0,64.0,31.0
147,229.0,65.0,32.0
148,230.0,67.0,33.0
149,230.0,67.0,33.0
150,228.0,64.0,31.0
151,228.0,63.0,31.0
152,228.0,64.0,31.0
153,229.0,65.0,32.0
154,230.0,67.0,33.0
155,230.0,67.0,33.0
156,229.0,64.0,32.0
157,229.0,64.0,31.0
158,229.0,65.0,32.0
159,230.0,67.0,33.0
160,231.0,69.0,34.0
161,231.0,69.0,34.0
162,229.0,65.0,32.0
163,228.0,65.0,32.0
164,229.0,65.0,32.0
165,229.0,67.0,33.0
166,230.0,68.0,34.0
167,230.0,68.0,34.0
168,228.0,65.0,32.0
169,228.0,64.0,32.0
170,228.0,64.0,32.0
171,229.0,66.0,33.0
172,230.0,68.0,33.0
173,230.0,68.0,34.0
174,228.0,64.0,32.0
175,228.0,64.0,32.0
176,228.0,65.0,32.0
177,229.0,66.0,33.0
178,229.0,67.0,34.0
179,229.0,67.0,33.0
180,228.0,64.0,32.0
181,227.0,63.0,32.0
182,228.0,64.0,32.0
183,228.0,65.0,33.0
184,229.0,67.0,33.0
185,228.0,66.0,33.0
186,227.0,63.0,32.0
187,226.0,62.0,31.0
188,226.0,62.0,32.0
189,227.0,63.0,32.0
190,228.0,65.0,32.0
191,228.0,64.0,32.0
192,226.0,61.0,31.0
193,226.0,61.0,31.0
194,226.0,62.0,31.0
195,228.0,63.0,31.0
196,229.0,65.0,32.0
197,228.0,64.0,32.0
198,227.0,62.0,31.0
199,227.0,61.0,31.0
200,227.0,63.0,31.0
201,228.0,64.0,32.0
202,229.0,66.0,32.0
203,228.0,65.0,32.0
204,227.0,62.0,31.0
205,227.0,62.0,31.0
206,227.0,63.0,31.0
207,228.0,64.0,32.0
208,228.0,66.0,32.0
209,227.0,64.0,32.0
210,226.0,61.0,31.0
211,226.0,61.0,31.0
212,226.0,62.0,31.0
213,227.0,64.0,32.0
214,228.0,65.0,32.0
215,226.0,63.0,31.0
216,225.0,60.0,30.0
217,225.0,60.0,30.0
218,226.0,61.0,30.0
219,227.0,62.0,31.0
220,227.0,63.0,31.0
221,226.0,62.0,30.0
222,225.0,59.0,30.0
223,225.0,59.0,29.0
224,226.0,60.0,30.0
225,227.0,62.0,31.0
226,227.0,63.0,31.0
227,226.0,61.0,30.0
228,225.0,58.0,29.0
229,225.0,58.0,29.0
230,225.0,59.0,29.0
231,226.0,60.0,30.0
232,226.0,61.0,30.0
233,225.0,59.0,29.0
234,224.0,57.0,29.0
235,225.0,58.0,29.0
236,226.0,59.0,30.0
237,227.0,61.0,30.0
238,227.0,62.0,31.0
239,226.0,59.0,30.0
240,225.0,58.0,29.0
241,226.0,58.0,29.0
242,227.0,60.0,30.0
243,228.0,62.0,31.0
244,228.0,62.0,31.0
245,227.0,60.0,29.0
246,226.0,59.0,29.0
247,227.0,60.0,30.0
248,228.0,61.0,30.0
249,228.0,63.0,31.0
250,228.0,62.0,31.0
251,226.0,60.0,29.0
252,226.0,59.0,29.0
253,226.0,60.0,29.0
254,227.0,61.0,30.0
255,228.0,62.0,31.0
256,227.0,61.0,30.0
257,226.0,59.0,29.0
258,226.0,58.0,29.0
259,226.0,59.0,29.0
260,227.0,61.0,30.0
261,228.0,62.0,30.0
262,227.0,60.0,30.0
263,226.0,58.0,29.0
264,226.0,59.0,29.0
265,227.0,60.0,30.0
266,228.0,62.0,30.0
267,228.0,62.0,30.0
268,227.0,60.0,29.0
269,227.0,59.0,29.0
270,227.0,60.0,29.0
271,228.0,61.0,30.0
272,229.0,63.0,31.0
273,228.0,62.0,30.0
274,227.0,59.0,29.0
275,226.0,59.0,29.0
276,227.0,60.0,29.0
277,227.0,61.0,30.0
278,228.0,62.0,30.0
279,227.0,60.0,29.0
280,226.0,58.0,28.0
281,226.0,58.0,28.0
282,226.0,59.0,29.0
283,227.0,60.0,29.0
284,227.0,61.0,29.0
285,226.0,58.0,28.0
286,226.0,57.0,28.0
287,226.0,58.0,28.0

 ************, After Bandpass: ,************
central frequency  ,2.25 
Width frequency  , 3.16 

 ************, PPG Signal : ,************ , , Removed 
0,0.3070753656750185, ,,-131.0
1,0.011387967458631465, ,,-160.0
2,-0.42540521153068767, ,,-184.0
3,-0.8786421935392354, ,,-227.0
4,-0.9741864813031498, ,,-239.0
5,0.5128795782809448, ,,-239.0
6,0.7781831386305385, ,,-239.0
7,1.2333471365939204, ,,-239.0
8,0.32423252667149427, ,,-240.0
9,-0.7608252141981211, ,,150.49188884324755
10,-0.2724518863847152, ,,111.2506835559073
11,0.04178191398864328, ,,-17.927644095558918
12,0.747243460136815, ,,-12.899906509769721
13,0.7506927545530289, ,,-64.74079185409164
14,0.09665806016937495, ,,-41.3742753312107
15,-1.0382634808547664, ,,-51.821503024090816
16,-0.4768930343311695, ,,-32.4719262578983
17,0.5906869152481704, ,,-28.0407579171233
18,0.44858865698302, ,,-17.900451135754793
19,1.5113113705756405, ,,-8.636651733542294
20,-0.2930045563382464, ,,-4.872569000922795
21,-0.985365937821598, ,,3.9220588081893766
22,-0.7236744379238189, ,,0.01900463444712841
23,-0.24837821704454655, ,,5.945732397004122
24,0.560224989576227, ,,-0.4972694073760522
25,0.5345980883548691, ,,4.989235236114155
26,-0.5209369635265375, ,,-0.056719483793131076
27,-1.01237637614895, ,,4.245630430532856
28,-0.47048455374397236, ,,0.10494876055963687
29,0.021922954568253772, ,,1.3222588266387447
30,0.8502793578823002, ,,-1.697852778944707
31,1.4083604805173309, ,,0.19907122157405865
32,0.11270091404389859, ,,-0.5545923692711767
33,-0.9408838628162357, ,
34,-0.46612565630971403, ,
35,-0.19013187448058488, ,
36,0.6662773094792556, ,
37,1.1999249332338877, ,
38,-0.05220274027419691, ,
39,-1.0553836289318497, ,
40,-0.5601536779772687, ,
41,-0.221570234210958, ,
42,0.627942378208445, ,
43,1.21277724624656, ,
44,-0.06255110441111356, ,
45,-1.6543274869388824, ,
46,-1.02326005103032, ,
47,-0.12791606529845012, ,
48,0.6786553181893851, ,
49,1.495284043391166, ,
50,0.1099916277344164, ,
51,-1.42726263214945, ,
52,-0.8909498339701258, ,
53,0.6107209494891777, ,
54,1.2054746968385643, ,
55,1.4517901169249399, ,
56,0.07931644054451681, ,
57,-1.0859308215540295, ,
58,-0.6007560692742118, ,
59,-0.33154851937683816, ,
60,0.558102162060095, ,
61,1.1208512247076214, ,
62,-0.10777016344445656, ,
63,-1.7044681094489533, ,
64,-1.0396450978205394, ,
65,-0.14544439462588343, ,
66,0.6788973703023657, ,
67,1.4946646050236723, ,
68,0.11530249899988121, ,
69,-0.797916646274416, ,
70,-0.42503383741632206, ,
71,0.543808998820623, ,
72,0.5311154733799412, ,
73,0.7245124386256521, ,
74,0.6008016188543479, ,
75,-1.415970467092393, ,
76,-1.000881275655047, ,
77,0.3762666713539602, ,
78,0.955136642046682, ,
79,1.2499498774302538, ,
80,-0.1156544748316719, ,
81,-1.1826391924507789, ,
82,-0.7050094151788926, ,
83,-0.34647711075399457, ,
84,-0.1065084566960195, ,
85,0.6823936212726949, ,
86,-0.045441788091693525, ,
87,-1.6231610550876212, ,
88,-0.7706869350088255, ,
89,0.6754704416907771, ,
90,0.7374501028930354, ,
91,1.1075026888711363, ,
92,0.871885221568391, ,
93,-1.1072225764969517, ,
94,-0.8360747694800921, ,
95,0.5392285207499299, ,
96,0.38664326530329163, ,
97,0.8422650354905272, ,
98,0.5764540570496592, ,
99,-1.293991475820576, ,
100,-0.9911494303114523, ,
101,0.45644282179523543, ,
102,0.9653974862080759, ,
103,1.2863513103216064, ,
104,0.5137790383141692, ,
105,-1.338296215691571, ,
106,-1.2356811609952274, ,
107,-0.33321719124251103, ,
108,0.3040638804391165, ,
109,1.2275151523767818, ,
110,-0.15855110003826667, ,
111,-0.9741799749533584, ,
112,-1.1747152710638602, ,
113,0.005654917999208919, ,
114,0.5801736843052367, ,
115,0.7578938770470813, ,
116,0.8925475362891575, ,
117,-1.2388919335980972, ,
118,-0.7489834930277084, ,
119,-0.10976915940000254, ,
120,0.629637265442625, ,
121,1.388260351599456, ,
122,0.6027400928783209, ,
123,-0.43381662667252385, ,
124,-0.6092398042219429, ,
125,-0.17840059649188333, ,
126,0.36121386038712444, ,
127,1.0787057492339045, ,
128,0.3326960231038356, ,
129,-1.3186773598304171, ,
130,-1.8404001176229485, ,
131,-0.0887190286830446, ,
132,0.2863606769317357, ,
133,0.8086446586830789, ,
134,0.81723571932298, ,
135,-1.1538758784884067, ,
136,-0.7315802314244593, ,
137,-0.04956443725427562, ,
138,0.6701700614614765, ,
139,1.4105497870446015, ,
140,0.6391900085873203, ,
141,-1.0638709500226469, ,
142,-1.0441162916558824, ,
143,-0.12512734613255816, ,
144,0.4315636719752547, ,
145,0.702978573418477, ,
146,0.058773425004574165, ,
147,-0.4179917658498198, ,
148,-1.183447691657193, ,
149,0.20997421841366304, ,
150,0.4819802536987936, ,
151,0.7830614064951078, ,
152,0.17767346293817354, ,
153,-1.1150255614004436, ,
154,-0.8862177869623338, ,
155,-0.6396621323317504, ,
156,0.9137090988701857, ,
157,1.3061259626670108, ,
158,0.9365534316946196, ,
159,-0.9986245459151633, ,
160,-0.8463683528582351, ,
161,-0.03814405910520691, ,
162,1.1348265916249147, ,
163,1.854373692904801, ,
164,-0.17822485069450522, ,
165,-0.9592363864137496, ,
166,-0.8469567649297005, ,
167,-0.31327874202497696, ,
168,0.40127262442092615, ,
169,1.1090436512531596, ,
170,-0.17474253830005182, ,
171,-1.096717052203985, ,
172,-0.584928410298744, ,
173,-0.23483848321984624, ,
174,0.649393794057687, ,
175,0.5825294755154573, ,
176,-0.4909489236979425, ,
177,-0.9658078574993851, ,
178,-0.4812110696198033, ,
179,0.05868128006909501, ,
180,0.8214996487388362, ,
181,1.4361021347353926, ,
182,-0.542427597692722, ,
183,-1.3817436794620335, ,
184,-0.41891864739591256, ,
185,0.5009687510084859, ,
186,1.380414210998424, ,
187,0.6882196547908279, ,
188,-0.35401747759283353, ,
189,-1.1122161614880497, ,
190,-0.5748418005264284, ,
191,0.5203772088339065, ,
192,1.157249505939717, ,
193,0.646656489232555, ,
194,-0.5203088156599733, ,
195,-1.1415465663080795, ,
196,-0.6619708595021621, ,
197,-0.11160286625545268, ,
198,0.6667621334922842, ,
199,0.7215610949888287, ,
200,-0.46686053797475324, ,
201,-0.8693832720800856, ,
202,0.1497891695889848, ,
203,1.1941909233914885, ,
204,1.2047096948745093, ,
205,0.7057347143941115, ,
206,-0.709942160349101, ,
207,-1.2904785501245897, ,
208,-0.21647936741669582, ,
209,0.8200750170694846, ,
210,0.9654321026985144, ,
211,0.49817583029243906, ,
212,-0.8028290704721712, ,
213,-1.363759525948808, ,
214,-0.22170739307125586, ,
215,0.8160863577327291, ,
216,0.3664666049442076, ,
217,0.054104962847304705, ,
218,-1.3308861115210675, ,
219,-1.1329333068697451, ,
220,-0.030054367059619835, ,
221,0.518130625202275, ,
222,1.5048223092326225, ,
223,-0.013285006401247301, ,
224,-0.8136208667128813, ,
225,-0.4950579184151138, ,
226,-0.09497333961303411, ,
227,0.6716156908717039, ,
228,1.2481651928935662, ,
229,-0.03896789804571199, ,
230,-1.0439738424743155, ,
231,-0.546603199989022, ,
232,0.39377169721296923, ,
233,1.1023446170336229, ,
234,0.50010308365745, ,
235,-0.5639057008186228, ,
236,-0.6186129140937737, ,
237,-0.21244487534545442, ,
238,0.3887718021094315, ,
239,1.0854014819781241, ,
240,-0.26317607098144435, ,
241,-1.1401306268990083, ,
242,-1.2905690176567077, ,
243,-0.09629932100938277, ,
244,0.5082123424690508, ,
245,0.7218738616313658, ,
246,0.2364905079180062, ,
247,-1.0728642572048557, ,
248,-0.22528596798838407, ,
249,-0.11259661654003139, ,
250,0.8447394859299493, ,
251,0.68650480941551, ,
252,-0.4386070154689605, ,
253,-0.27356468382345156, ,
254,-0.04865112245511227, ,

 ************, GATI FFT  : ,************ , , Removed 
0,65981.0360785582
1,444.1369328409097
2,288.22322850399155
3,233.2022407696001
4,274.54810110956
5,284.87553094177184
6,306.11257590384355
7,261.3456298386558
8,262.9565733437937
9,287.2041107143137
10,250.29728553591218
11,262.6460428561902
12,256.01093949071776
13,223.75905443023916
14,254.31882943117722
15,238.63377822422927
16,221.02066693583444
17,231.72476543276736
18,214.69416193654337
19,213.74985476022232
20,209.0402333592966
21,215.21328915776976
22,204.38232123246428
23,208.01814320854646
24,222.51305658400562
25,211.07606619088122
26,212.93177704587387
27,200.87656410357735
28,194.90045274081987
29,205.38832602092845
30,201.589377469578
31,198.08728258666883
32,193.52422347417593
33,187.74190575148495
34,185.44400982272367
35,182.80654286972066
36,180.27225516962918
37,175.47969873959366
38,169.11184107083096
39,173.84860116513167
40,168.9898876446153
41,164.3722697668173
42,161.65572965250558
43,156.5388013939004
44,157.8387696342115
45,148.75100896387994
46,153.72568892054093
47,144.5723284782608
48,271.26923894905593
49,112.0800490477265
50,101.1943673641161
51,128.7766107100322
52,128.02287152554575
53,122.34289942849253
54,125.34217252886964
55,125.93320793418229
56,116.94577815874234
57,115.0487582359239
58,114.23913974220221
59,111.44900678218511
60,112.67778757865145
61,104.14621701450544
62,99.36512124853101
63,101.4762181421449
64,96.29108972563135
65,91.71846338044034
66,92.81247624787649
67,86.60848177672489
68,85.70337765360908
69,89.2281094542689
70,78.75991656467635
71,77.45851478938378
72,78.00640999302557
73,70.7644541483494
74,68.90381989401034
75,72.53034955795101
76,65.8941446377003
77,63.04048642396798
78,66.13195724817439
79,68.44928435501502
80,66.49819258402927
81,57.225420268859075
82,62.731015532468746
83,55.48830283830454
84,56.119337743647854
85,54.95748958881448
86,48.49498608876689
87,51.239696770413566
88,51.18990940681818
89,58.01323065127323
90,47.77722754976421
91,53.74400387842748
92,48.720122491725995
93,47.31713704565696
94,55.82425558797036
95,34.693224886194166
96,69.41901756723439
97,41.41045697807577
98,54.59638917223618
99,49.14648270898262
100,49.04833790946642
101,54.73725969671064
102,56.38790523984952
103,55.3537734849219
104,49.248965144555136
105,50.869823544923435
106,51.98403670889653
107,55.67841631034603
108,58.205790227915514
109,60.32271013330658
110,60.147592119051254
111,59.68754294504287
112,55.03503584350896
113,57.55228004343407
114,54.25862490078683
115,60.52754214674162
116,50.54424901069121
117,59.53272400683984
118,58.23544419579446
119,61.80445715966215
120,58.291848912546136
121,56.534366432704644
122,54.26870015432903
123,65.43574549751399
124,59.939010601871416
125,66.10493078967725
126,68.91366441981177
127,62.26874555301948
128,54.89445298176891
129,68.23301495046515
130,58.44947270632143
131,69.53752134205679
132,69.69027893956759
133,69.41639909583094
134,67.59154338292703
135,63.4338123657305
136,58.310170528893984
137,65.72297087231907
138,67.08988809990772
139,66.7055648547039
140,65.65438733484402
141,62.36373517550484
142,62.41713536925131
143,62.59536035733805
144,0.0
145,0.0
146,0.0
147,0.0
148,0.0
149,0.0
150,0.0
151,0.0
152,0.0
153,0.0
154,0.0
155,0.0
156,0.0
157,0.0
158,0.0
159,0.0
160,0.0
161,0.0
162,0.0
163,0.0
164,0.0
165,0.0
166,0.0
167,0.0
168,0.0
169,0.0
170,0.0
171,0.0
172,0.0
173,0.0
174,0.0
175,0.0
176,0.0
177,0.0
178,0.0
179,0.0
180,0.0
181,0.0
182,0.0
183,0.0
184,0.0
185,0.0
186,0.0
187,0.0
188,0.0
189,0.0
190,0.0
191,0.0
192,0.0
193,0.0
194,0.0
195,0.0
196,0.0
197,0.0
198,0.0
199,0.0
200,0.0
201,0.0
202,0.0
203,0.0
204,0.0
205,0.0
206,0.0
207,0.0
208,0.0
209,0.0
210,0.0
211,0.0
212,0.0
213,0.0
214,0.0
215,0.0
216,0.0
217,0.0
218,0.0
219,0.0
220,0.0
221,0.0
222,0.0
223,0.0
224,0.0
225,0.0
226,0.0
227,0.0
228,0.0
229,0.0
230,0.0
231,0.0
232,0.0
233,0.0
234,0.0
235,0.0
236,0.0
237,0.0
238,0.0
239,0.0
240,0.0
241,0.0
242,0.0
243,0.0
244,0.0
245,0.0
246,0.0
247,0.0
248,0.0
249,0.0
250,0.0
251,0.0
252,0.0
253,0.0
254,0.0
255,0.0
256,0.0
257,0.0
258,0.0
259,0.0
260,0.0
261,0.0
262,0.0
263,0.0
264,0.0
265,0.0
266,0.0
267,0.0
268,0.0
269,0.0
270,0.0
271,0.0
272,0.0
273,0.0
274,0.0
275,0.0
276,0.0
277,0.0
278,0.0
279,0.0
280,0.0
281,0.0
282,0.0
283,0.0
284,0.0
285,0.0
286,0.0
287,0.0
