**** , USER DATA ,****,
, Device Info, 
-------------------------------------
Model :SM-A505F
Device: a50
Manufacturer: samsung
Board: exynos9610
Brand: samsung
SDK or OS  : 30
versionRelease: 11
VERSION_CODE: 5
VERSION_NAME: 1.0
-------------------------------------

 Unique file Id,36300, 
 Front Face,true, 
 Sampling Rate  : 9,

Id provided by Hospital or Entered manually or Randomly generated, 
20220111_153228-SM-A505F-33, 

 ************, User Manual Data : ,************ ,  

Gender,Female,
height,160,
weight,70,
Age,29,
BPsystolic(Manual),120,
BPdiastolic(Manual),80,
heartrate(Manual),70,
Medication,0,
Place ,,

 ************ , Advance Settings ,************ , 

 ************, 
 {hsvMin=60.0, hsvMax=340.0, saturationMin=0.4, saturationMax=1.0, brightnessMin=0.0, brightnessMax=1.0} ,************ ,  

 
  ************, Calculated : ,************

BMI,27,
BMR,1627,
BPsystolic,93,
BPdiastolic,79,
Heartrate,143,
Respirationrate,9,
Rythm,Pitta/Kapha(Reg),
Kathinya,381,
Kapha,16.67  %,
Vata,50.00  %,
Pitta,33.33  %,
Tala Result,0.006709052664740895,
Variance Of Heart Rate,0.21284340030495005,
BSA,1.7318886979699173,
ET,252.57,
SV,14.310803397984655,
PP,9.92427420109893,
MPP,83.25,

 ************, KPV2 ,************
K2 , 40.16  %P2 , 30.75  %V2 , 29.09  %
PPG,


Colors Code , RED , GREEN , BLUE , H, S, V , GOOD SIGNAL HSV AVG ( per sec)  , <.1
0,108.0,83.0,81.0,21.714287,0.8898305,0.9254902,140.77777777777777,0.0
1,111.0,85.0,82.0,21.714287,0.8898305,0.9254902,157.44444444444446,0.0
2,118.0,89.0,86.0,21.714287,0.8898305,0.9254902,169.22222222222223,0.0
3,124.0,93.0,88.0,21.818182,0.8893617,0.92156863,120.22222222222223,0.0
4,130.0,97.0,91.0,21.818182,0.8893617,0.92156863,178.22222222222223,0.0
5,133.0,99.0,93.0,21.818182,0.8893617,0.92156863,241.77777777777777,0.0
6,135.0,103.0,98.0,21.818182,0.8893617,0.92156863,241.0,0.0
7,136.0,105.0,101.0,21.818182,0.8893617,0.92156863,241.0,0.0
8,135.0,98.0,93.0,21.714287,0.8898305,0.9254902,239.55555555555554,0.0
9,137.0,93.0,87.0,21.714287,0.8898305,0.9254902,240.0,0.0
10,140.0,91.0,83.0,21.714287,0.8898305,0.9254902,240.11111111111111,0.0
11,142.0,88.0,79.0,21.818182,0.8893617,0.92156863,238.55555555555554,0.0
12,143.0,86.0,76.0,21.714287,0.8898305,0.9254902,239.0
13,148.0,90.0,79.0,21.714287,0.8898305,0.9254902,239.0
14,155.0,98.0,88.0,21.714287,0.8898305,0.9254902,239.33333333333334
15,165.0,106.0,97.0,21.714287,0.8898305,0.9254902,237.0
16,172.0,114.0,105.0,21.714287,0.8898305,0.9254902,237.0
17,176.0,120.0,112.0,21.714287,0.8898305,0.9254902,237.0
18,176.0,123.0,115.0,21.714287,0.8898305,0.9254902,237.22222222222223
19,176.0,125.0,118.0,21.714287,0.8898305,0.9254902,238.0
20,176.0,122.0,114.0,21.714287,0.8898305,0.9254902,238.0
21,175.0,111.0,101.0,22.0,0.8898305,0.9254902,238.0
22,173.0,99.0,88.0,22.0,0.8898305,0.9254902,238.0
23,166.0,89.0,77.0,21.818182,0.8893617,0.92156863,236.55555555555554
24,160.0,85.0,71.0,21.714287,0.8898305,0.9254902,235.0
25,161.0,92.0,79.0,21.818182,0.8893617,0.92156863,235.0
26,166.0,101.0,88.0,21.818182,0.8893617,0.92156863,235.0
27,170.0,106.0,94.0,21.818182,0.8893617,0.92156863,235.0
28,166.0,103.0,92.0,21.818182,0.8893617,0.92156863,235.0
29,154.0,95.0,85.0,21.818182,0.8893617,0.92156863,235.0
30,145.0,87.0,76.0,21.818182,0.8893617,0.92156863,235.66666666666666
31,136.0,75.0,64.0,21.818182,0.8893617,0.92156863,235.44444444444446
32,129.0,65.0,53.0,21.818182,0.8893617,0.92156863,235.88888888888889
33,113.0,48.0,41.0,21.818182,0.8893617,0.92156863,235.77777777777777
34,88.0,21.0,16.0,208.88888888888889
35,77.0,9.0,4.0
36,74.0,4.0,1.0
37,82.0,0.0,0.0
38,102.0,0.0,0.0
39,125.0,1.0,0.0
40,155.0,12.0,0.0
41,182.0,21.0,0.0
42,230.0,61.0,15.0
43,241.0,74.0,21.0
44,243.0,78.0,21.0
45,244.0,80.0,20.0
46,244.0,81.0,20.0
47,244.0,81.0,20.0
48,243.0,81.0,20.0
49,243.0,81.0,19.0
50,241.0,80.0,18.0
51,240.0,79.0,18.0
52,240.0,79.0,18.0
53,240.0,80.0,18.0
54,241.0,81.0,18.0
55,241.0,82.0,19.0
56,241.0,82.0,19.0
57,241.0,83.0,19.0
58,241.0,84.0,19.0
59,241.0,85.0,19.0
60,241.0,85.0,19.0
61,241.0,85.0,19.0
62,241.0,85.0,20.0
63,241.0,86.0,20.0
64,241.0,86.0,20.0
65,241.0,87.0,20.0
66,241.0,87.0,21.0
67,241.0,88.0,21.0
68,241.0,89.0,21.0
69,242.0,89.0,21.0
70,242.0,90.0,22.0
71,240.0,88.0,21.0
72,240.0,88.0,20.0
73,239.0,88.0,20.0
74,239.0,88.0,20.0
75,239.0,88.0,20.0
76,239.0,88.0,20.0
77,240.0,89.0,20.0
78,240.0,89.0,20.0
79,240.0,89.0,20.0
80,240.0,90.0,21.0
81,240.0,90.0,21.0
82,240.0,90.0,21.0
83,240.0,90.0,21.0
84,240.0,91.0,21.0
85,240.0,91.0,22.0
86,240.0,91.0,22.0
87,240.0,92.0,22.0
88,240.0,92.0,22.0
89,240.0,92.0,22.0
90,240.0,92.0,22.0
91,240.0,93.0,22.0
92,240.0,93.0,23.0
93,241.0,93.0,23.0
94,241.0,93.0,23.0
95,241.0,93.0,23.0
96,241.0,94.0,23.0
97,239.0,91.0,21.0
98,239.0,90.0,21.0
99,239.0,90.0,21.0
100,238.0,90.0,21.0
101,238.0,90.0,21.0
102,238.0,90.0,21.0
103,238.0,91.0,21.0
104,239.0,91.0,21.0
105,239.0,91.0,21.0
106,239.0,91.0,21.0
107,239.0,91.0,22.0
108,239.0,92.0,22.0
109,239.0,92.0,22.0
110,239.0,92.0,22.0
111,239.0,92.0,22.0
112,239.0,92.0,22.0
113,239.0,93.0,23.0
114,239.0,93.0,23.0
115,239.0,93.0,23.0
116,239.0,93.0,23.0
117,239.0,94.0,23.0
118,239.0,94.0,23.0
119,239.0,94.0,24.0
120,239.0,94.0,24.0
121,239.0,94.0,24.0
122,239.0,95.0,24.0
123,239.0,95.0,24.0
124,239.0,95.0,24.0
125,239.0,95.0,24.0
126,239.0,95.0,24.0
127,239.0,95.0,25.0
128,239.0,96.0,25.0
129,239.0,96.0,25.0
130,239.0,96.0,25.0
131,239.0,96.0,25.0
132,239.0,96.0,25.0
133,240.0,96.0,25.0
134,240.0,97.0,25.0
135,240.0,97.0,25.0
136,237.0,94.0,21.0
137,237.0,94.0,20.0
138,237.0,94.0,20.0
139,237.0,94.0,20.0
140,237.0,94.0,20.0
141,237.0,94.0,20.0
142,237.0,94.0,20.0
143,237.0,94.0,20.0
144,237.0,94.0,21.0
145,237.0,94.0,21.0
146,237.0,94.0,21.0
147,237.0,94.0,21.0
148,237.0,94.0,21.0
149,237.0,95.0,21.0
150,237.0,95.0,21.0
151,237.0,95.0,21.0
152,237.0,95.0,21.0
153,237.0,95.0,21.0
154,237.0,95.0,21.0
155,237.0,95.0,21.0
156,237.0,95.0,21.0
157,237.0,95.0,21.0
158,237.0,95.0,21.0
159,237.0,96.0,22.0
160,237.0,96.0,22.0
161,237.0,96.0,22.0
162,237.0,96.0,22.0
163,237.0,96.0,22.0
164,237.0,96.0,22.0
165,237.0,96.0,22.0
166,237.0,96.0,22.0
167,237.0,97.0,22.0
168,238.0,97.0,22.0
169,237.0,97.0,23.0
170,237.0,97.0,22.0
171,238.0,97.0,23.0
172,238.0,97.0,23.0
173,238.0,97.0,23.0
174,238.0,97.0,23.0
175,238.0,97.0,23.0
176,238.0,98.0,23.0
177,238.0,98.0,23.0
178,238.0,98.0,23.0
179,238.0,98.0,23.0
180,238.0,98.0,23.0
181,238.0,98.0,23.0
182,238.0,98.0,23.0
183,238.0,98.0,23.0
184,238.0,98.0,23.0
185,238.0,99.0,24.0
186,238.0,99.0,23.0
187,238.0,99.0,24.0
188,238.0,99.0,24.0
189,238.0,99.0,24.0
190,238.0,99.0,24.0
191,238.0,99.0,24.0
192,238.0,99.0,24.0
193,238.0,99.0,24.0
194,238.0,99.0,24.0
195,238.0,100.0,24.0
196,238.0,100.0,25.0
197,238.0,100.0,25.0
198,238.0,100.0,25.0
199,238.0,100.0,25.0
200,238.0,100.0,25.0
201,238.0,100.0,25.0
202,238.0,100.0,25.0
203,238.0,100.0,25.0
204,238.0,100.0,25.0
205,238.0,100.0,25.0
206,238.0,100.0,25.0
207,238.0,101.0,25.0
208,238.0,101.0,25.0
209,238.0,101.0,25.0
210,238.0,101.0,25.0
211,238.0,101.0,25.0
212,236.0,98.0,23.0
213,236.0,98.0,23.0
214,235.0,98.0,23.0
215,235.0,97.0,23.0
216,235.0,97.0,22.0
217,235.0,97.0,23.0
218,235.0,98.0,23.0
219,235.0,98.0,23.0
220,235.0,98.0,23.0
221,235.0,98.0,23.0
222,235.0,98.0,23.0
223,235.0,98.0,23.0
224,235.0,98.0,23.0
225,235.0,98.0,23.0
226,235.0,98.0,23.0
227,235.0,98.0,23.0
228,235.0,98.0,23.0
229,235.0,98.0,23.0
230,235.0,98.0,23.0
231,235.0,98.0,23.0
232,235.0,98.0,23.0
233,235.0,98.0,23.0
234,235.0,99.0,23.0
235,235.0,99.0,24.0
236,235.0,99.0,24.0
237,235.0,99.0,24.0
238,235.0,99.0,24.0
239,235.0,99.0,24.0
240,235.0,99.0,24.0
241,235.0,99.0,24.0
242,235.0,99.0,24.0
243,235.0,99.0,24.0
244,235.0,99.0,24.0
245,235.0,99.0,24.0
246,235.0,99.0,24.0
247,235.0,99.0,24.0
248,235.0,99.0,24.0
249,235.0,99.0,24.0
250,235.0,100.0,24.0
251,235.0,100.0,24.0
252,235.0,100.0,24.0
253,235.0,100.0,25.0
254,235.0,100.0,25.0
255,235.0,100.0,25.0
256,235.0,100.0,25.0
257,235.0,100.0,25.0
258,235.0,100.0,25.0
259,235.0,100.0,25.0
260,235.0,100.0,25.0
261,235.0,100.0,25.0
262,235.0,100.0,25.0
263,235.0,100.0,25.0
264,235.0,100.0,25.0
265,235.0,101.0,25.0
266,235.0,101.0,25.0
267,235.0,101.0,25.0
268,235.0,101.0,25.0
269,235.0,101.0,25.0
270,235.0,101.0,25.0
271,235.0,101.0,25.0
272,235.0,101.0,25.0
273,236.0,101.0,25.0
274,235.0,101.0,25.0
275,236.0,101.0,25.0
276,236.0,101.0,26.0
277,236.0,101.0,26.0
278,236.0,101.0,26.0
279,236.0,101.0,26.0
280,236.0,101.0,26.0
281,236.0,102.0,26.0
282,236.0,102.0,26.0
283,236.0,102.0,26.0
284,235.0,102.0,26.0
285,235.0,102.0,26.0
286,235.0,102.0,26.0
287,235.0,102.0,26.0
288,235.0,102.0,26.0
289,236.0,102.0,26.0
290,236.0,102.0,26.0
291,236.0,102.0,26.0
292,235.0,102.0,26.0
293,236.0,102.0,26.0
294,236.0,102.0,26.0
295,236.0,102.0,26.0
296,236.0,102.0,26.0
297,236.0,102.0,26.0
298,236.0,102.0,26.0
299,236.0,102.0,26.0
300,236.0,102.0,26.0
301,236.0,102.0,26.0
302,236.0,103.0,26.0
303,236.0,103.0,26.0
304,235.0,102.0,26.0
305,236.0,102.0,26.0
306,235.0,102.0,26.0
307,235.0,102.0,26.0
308,235.0,102.0,26.0
309,235.0,102.0,26.0
310,235.0,102.0,26.0
311,235.0,102.0,26.0
312,235.0,102.0,26.0
313,235.0,102.0,26.0
314,235.0,102.0,26.0

 ************, After Bandpass: ,************
central frequency  ,2.25 
Width frequency  , 3.16 

 ************, PPG Signal : ,************ , , Removed 
0,12.714035903474041, ,,-108.0
1,29.506494710371953, ,,-111.0
2,40.27319836526135, ,,-118.0
3,44.146236758503164, ,,-124.0
4,43.04209319648703, ,,-130.0
5,44.61696411899493, ,,-133.0
6,30.926344402732866, ,,-135.0
7,-4.850439816604876, ,,-136.0
8,-20.578602532378454, ,,-135.0
9,-28.34330927582073, ,,-137.0
10,-32.032320062045756, ,,71.08282585192734
11,-27.678486307179128, ,,89.86821254494023
12,-24.153290358464574, ,,5.1821410927577745
13,-17.78446329755866, ,,-4.626185530102333
14,-13.275977989282637, ,,-16.036714877381655
15,-7.2842386530130625, ,,-26.717850541507005
16,-2.688480557216508, ,,-17.164432824049072
17,0.42259166115672997, ,,-25.04796977877845
18,2.5849091128000055, ,,-19.969174360941224
19,2.561319810570012, ,,-20.946861227609816
20,2.754158623800322, ,,-16.19689829543904
21,2.3484569357642613, ,,-12.252148808859829
22,1.7961095105381446, ,,-10.142066403420813
23,1.3581131006747, ,,-9.181580873154871
24,0.8063598821015603, ,,-9.873682226829033
25,0.4807190700371393, ,,-3.4030875136804752
26,0.1634479017461672, ,,4.702133084110983
27,-0.012103788054673714, ,,8.713375845502469
28,-0.12425443972006178, ,,5.442724902312875
29,-0.1787665095207558, ,,-4.186183008052694
30,-0.18044399785549103, ,,-9.360257472867374
31,-0.16807871695641552, ,,-9.053230207970046
32,0.37457791384622396, ,,-7.928352760409098
33,0.5343674460452803, ,,-9.639300941807392
34,-1.0575988867813066, ,,-17.986548226534637
35,-1.3640575324589008, ,,-15.369873436100647
36,-0.736151530861207, ,,-0.7826905582409154
37,-0.7821265462448537, ,
38,0.11803889608904683, ,
39,0.3672538626392452, ,
40,0.9210594214009689, ,
41,1.217913796939456, ,
42,0.42638843922009073, ,
43,0.35533308443586975, ,
44,0.09877385511617831, ,
45,-0.06616119996760972, ,
46,-0.07577629561910726, ,
47,-0.169280367799729, ,
48,-0.12241115656252077, ,
49,-0.13377097020475048, ,
50,-0.09560767849097829, ,
51,-0.07069939603252351, ,
52,-0.04880271672664094, ,
53,-0.023481100614844763, ,
54,-0.012563997768211266, ,
55,0.0010358809263379953, ,
56,0.5131318043740976, ,
57,0.6437442418837236, ,
58,0.03396832610724232, ,
59,-0.047477152145347645, ,
60,-1.1700640077144726, ,
61,-1.5210608850952667, ,
62,-0.2326170173275841, ,
63,-0.6072654707900256, ,
64,-0.44598775468057283, ,
65,0.3769871221672929, ,
66,0.36315342734906153, ,
67,1.0610802956496173, ,
68,1.1468200580650318, ,
69,0.44065899663246455, ,
70,0.3019108043781671, ,
71,0.06042804725257156, ,
72,-0.09610856411131863, ,
73,-0.11315639998747429, ,
74,-0.18438311876889202, ,
75,-0.14190047704255448, ,
76,-0.13997013874768527, ,
77,-0.10059741318468696, ,
78,-0.0715471327148407, ,
79,-0.047074639245693106, ,
80,-0.021762558313412228, ,
81,-0.00945813536282003, ,
82,0.003236957297076515, ,
83,0.007685619646053965, ,
84,0.010671312895283336, ,
85,0.010782048304463387, ,
86,0.009334377131835936, ,
87,0.007708048960921587, ,
88,0.005412418978266942, ,
89,0.003672393684837516, ,
90,0.002014392176988622, ,
91,8.624303970918845E-4, ,
92,5.79297693548142E-5, ,
93,-4.4353143266562256E-4, ,
94,-6.573051073246461E-4, ,
95,-7.297185902643832E-4, ,
96,0.5070712206825192, ,
97,0.634109161167089, ,
98,0.0239068033051808, ,
99,-1.5795444384389157, ,
100,-2.0661323298115803, ,
101,-0.3300434177740499, ,
102,-0.019553814780465473, ,
103,0.27215587460727875, ,
104,0.6347181872672536, ,
105,0.45025862323768706, ,
106,0.5733775638957468, ,
107,0.37330260396447557, ,
108,0.3219610680769165, ,
109,0.20750792616354374, ,
110,0.1156656836133152, ,
111,0.06560978109746429, ,
112,0.00441808084542572, ,
113,-0.012439594495390338, ,
114,-0.03435262925063398, ,
115,-0.035935166028821186, ,
116,-0.03494198922976466, ,
117,-0.03031608911260264, ,
118,-0.02234649634829111, ,
119,-0.016559043873712653, ,
120,-0.00971662546294283, ,
121,-0.005352000849370597, ,
122,-0.0016581745740040787, ,
123,6.009709675254271E-4, ,
124,0.001821673725544315, ,
125,0.0024359734568406566, ,
126,0.0023789298775227508, ,
127,0.0021452816015425924, ,
128,0.0016841562883200822, ,
129,0.0012307527633765858, ,
130,8.036807844291616E-4, ,
131,0.5081813069255077, ,
132,0.12711703591412515, ,
133,-0.6103359809681024, ,
134,0.4272550044452146, ,
135,0.5285946042295109, ,
136,-0.07086287827814886, ,
137,0.013079435295821895, ,
138,-0.188175550379583, ,
139,-0.179612316393559, ,
140,-0.16437640668141285, ,
141,-0.16893646137828, ,
142,-0.10396795271003612, ,
143,-0.094065963701496, ,
144,-0.04780498721402182, ,
145,-0.030412006826281868, ,
146,-0.0102941176812692, ,
147,0.0028806086475015036, ,
148,0.007542529328020464, ,
149,0.012783249985659495, ,
150,0.011449162757116937, ,
151,0.011158113934016, ,
152,0.008605898624864494, ,
153,0.006370404685640096, ,
154,0.004313041009481822, ,
155,0.002340913251373422, ,
156,0.0011287707725387008, ,
157,7.491619658139825E-5, ,
158,-4.3292094096614164E-4, ,
159,-7.429093786868179E-4, ,
160,-8.171544468495995E-4, ,
161,-7.531687888331362E-4, ,
162,-6.394219408321078E-4, ,
163,-4.757216026973765E-4, ,
164,-3.334255720801593E-4, ,
165,-1.997713973196369E-4, ,
166,-9.976268665923271E-5, ,
167,-2.7345030048309127E-5, ,
168,1.9668739014377934E-5, ,
169,4.3815030721816584E-5, ,
170,5.3949695256960695E-5, ,
171,5.239841448201332E-5, ,
172,4.554915813059779E-5, ,
173,3.564390613064461E-5, ,
174,2.5412474087715964E-5, ,
175,-1.0154526593069022, ,
176,-1.2693161410340963, ,
177,-0.5563751748622963, ,
178,-0.5225461986194659, ,
179,0.2996236965618664, ,
180,0.5700468135105439, ,
181,0.537387584403632, ,
182,0.6845652221234104, ,
183,0.4603261412523807, ,
184,0.4396140097164789, ,
185,0.2723639070209174, ,
186,0.18424891322001713, ,
187,0.10165608736997456, ,
188,0.02886043781563785, ,
189,-4.8470597675986937E-4, ,
190,-0.03372149040478689, ,
191,-0.03790111171110766, ,
192,-0.042178579642495606, ,
193,-0.03687979724827528, ,
194,-0.029400696380889713, ,
195,-0.022308382043092934, ,
196,-0.014081298682413035, ,
197,-0.008575232149723888, ,
198,-0.003497417545531789, ,
199,-4.688106121193414E-4, ,
200,0.0015343201130235684, ,
201,0.0025390358559889137, ,
202,0.0027429426995695394, ,
203,0.002617782573452132, ,
204,0.002144587088650951, ,
205,0.0016498818449690589, ,
206,0.001127438235698719, ,
207,6.870922463804163E-4, ,
208,3.433294214119087E-4, ,
209,9.114895487982722E-5, ,
210,-6.291081081144512E-5, ,
211,-1.5165500917646568E-4, ,
212,-1.8224527320853667E-4, ,
213,-1.794966810848564E-4, ,
214,-1.553084757688339E-4, ,
215,-1.2159895641161711E-4, ,
216,-8.709851181265549E-5, ,
217,-5.544529267353937E-5, ,
218,-3.0205614621081622E-5, ,
219,-1.131045041802281E-5, ,
220,1.1834285942313727E-6, ,
221,8.460091748929699E-6, ,
222,1.1750150633815792E-5, ,
223,1.221544425789034E-5, ,
224,1.1017706356142298E-5, ,
225,8.92542266228702E-6, ,
226,6.598775371458032E-6, ,
227,4.400559191708453E-6, ,
228,2.5559843379596714E-6, ,
229,1.1496526894916315E-6, ,
230,1.719531610433478E-7, ,
231,-4.262944912625244E-7, ,
232,-7.298137916222913E-7, ,
233,-8.187826097127981E-7, ,
234,-7.708654266025405E-7, ,
235,-6.474085694208043E-7, ,
236,0.5077339761105577, ,
237,0.12692764119583444, ,
238,-0.10260618224788232, ,
239,0.5542820188643418, ,
240,-0.0815938010462105, ,
241,-0.15108017256625317, ,
242,-0.09268662073009182, ,
243,-0.2830736181467728, ,
244,-0.11023235713946633, ,
245,-0.19039093076708014, ,
246,-0.09142276537409089, ,
247,-0.5882891575770373, ,
248,-0.6838370148973354, ,
249,-0.039771508702415304, ,
250,0.04449005791070704, ,
251,0.17188704402542498, ,
252,0.7728468102973238, ,
253,0.8364140937626416, ,
254,0.2503513269459745, ,
255,-0.4171544028133667, ,
256,-0.16721496093600763, ,
257,0.4267947319465293, ,
258,-0.06764574844169147, ,
259,-0.089265614743681, ,
260,-0.043925904327807075, ,
261,-0.19099997832699955, ,
262,-0.05775981729493651, ,
263,-0.1285644799399961, ,
264,-0.054601059344804526, ,
265,-0.05334824884221234, ,
266,-0.0322767858874613, ,
267,-0.5174614291793205, ,
268,-0.13588233301061337, ,
269,0.10920672338056647, ,
270,-0.5499495633896458, ,
271,0.09057495280239891, ,
272,0.15869538708852815, ,
273,0.09920243862779898, ,
274,0.2887392102661579, ,
275,0.11365734284277096, ,
276,0.19305136460729955, ,
277,0.0925815669079384, ,

 ************, GATI FFT  : ,************ , , Removed 
0,70773.00003795912
1,3861.3392637394304
2,3477.0352472537556
3,2981.9577453277643
4,2150.4253894750263
5,1335.9408614568997
6,482.8469467747483
7,370.4688374939337
8,941.9398686546587
9,1367.9293007647254
10,1552.6396633999466
11,1511.961134699239
12,1355.0028804825906
13,1007.6145499224422
14,652.6589688828236
15,316.4552977779536
16,343.5198770549886
17,561.3135855614943
18,745.6765103853107
19,796.8309661919777
20,699.8617281970155
21,544.8694804467971
22,316.4292525491545
23,173.98566005980825
24,262.1990409970376
25,435.50451845901677
26,508.3267508245109
27,527.6295634884198
28,488.10849775234146
29,374.02306671915323
30,253.92548574232083
31,125.29449699781837
32,133.2581988677438
33,194.9671275903398
34,269.2170701022887
35,285.49655530467453
36,246.92182541542502
37,194.60152539052459
38,129.50157862609663
39,124.13010600517168
40,144.2013585829691
41,185.52743431757918
42,209.01365382537233
43,206.60841033921116
44,183.44796547098974
45,138.22795522343785
46,121.12795403173851
47,118.57521809202055
48,138.77028042658478
49,154.7462291818047
50,143.30367116414612
51,137.5598804317038
52,134.25927650503084
53,149.49375843395515
54,162.1537897258801
55,185.9984367115171
56,194.77614450026738
57,165.25245904175688
58,138.06051005749813
59,80.68569991572728
60,39.965266941440746
61,62.24110400550363
62,113.59868060979186
63,139.9866420078107
64,147.99511407364676
65,153.06753802527058
66,123.98665715845928
67,102.73519681234869
68,77.45230962624235
69,81.4044339492113
70,96.33451685479962
71,112.28510250538582
72,115.62611941992992
73,100.93728462270644
74,94.48415325676466
75,85.86890832781275
76,91.81382506325245
77,99.45477512274648
78,109.96863439950906
79,114.57212791022243
80,105.38652750261811
81,88.13539329079364
82,73.63451499731497
83,74.904611196072
84,90.15713046547758
85,99.74037185369049
86,104.48577298993386
87,93.64251305596342
88,85.14561898119739
89,66.40130479478805
90,57.241686238217575
91,72.06284808237577
92,88.06672304033161
93,104.28920642566531
94,100.72210073386333
95,93.40813813183019
96,66.33161846081109
97,57.38286433908185
98,53.959291468102485
99,64.82169616316705
100,84.94440426370174
101,93.53406235145397
102,91.41133534612091
103,78.98409312450787
104,71.39188627432674
105,54.0277706369604
106,64.69095558493319
107,80.1372986104475
108,86.59726461820124
109,85.23692905269951
110,85.36287852517141
111,75.67604932872855
112,65.35749388707505
113,68.09123679578012
114,68.78028064901882
115,72.56748609270619
116,79.81684015272391
117,74.87989105532385
118,62.42717432210556
119,61.219200260684865
120,66.54353457493933
121,70.97403242415248
122,77.2984182168766
123,85.73863859465023
124,77.93007617462668
125,71.57813894854989
126,51.2517322573297
127,42.23201964720257
128,49.80095676261742
129,69.18717031033721
130,82.20296227174451
131,83.61815880477582
132,82.87453076822449
133,65.90454406648152
134,56.34941139438304
135,43.167369057572394
136,55.568229764546096
137,74.40469955158834
138,84.92057773805574
139,84.12895509623728
140,73.79280297913377
141,62.0896205244296
142,46.89391606807424
143,50.18201761606698
144,59.120147170068904
145,67.42489429419928
146,77.40644634701371
147,73.13161845901158
148,61.397897918565945
149,51.4501436545007
150,51.741262315064354
151,56.48868758504731
152,66.61608557454579
153,81.03331939184223
154,74.51409512106716
155,71.80928930014746
156,58.65155943079243
157,46.395458312020395
158,0.0
159,0.0
160,0.0
161,0.0
162,0.0
163,0.0
164,0.0
165,0.0
166,0.0
167,0.0
168,0.0
169,0.0
170,0.0
171,0.0
172,0.0
173,0.0
174,0.0
175,0.0
176,0.0
177,0.0
178,0.0
179,0.0
180,0.0
181,0.0
182,0.0
183,0.0
184,0.0
185,0.0
186,0.0
187,0.0
188,0.0
189,0.0
190,0.0
191,0.0
192,0.0
193,0.0
194,0.0
195,0.0
196,0.0
197,0.0
198,0.0
199,0.0
200,0.0
201,0.0
202,0.0
203,0.0
204,0.0
205,0.0
206,0.0
207,0.0
208,0.0
209,0.0
210,0.0
211,0.0
212,0.0
213,0.0
214,0.0
215,0.0
216,0.0
217,0.0
218,0.0
219,0.0
220,0.0
221,0.0
222,0.0
223,0.0
224,0.0
225,0.0
226,0.0
227,0.0
228,0.0
229,0.0
230,0.0
231,0.0
232,0.0
233,0.0
234,0.0
235,0.0
236,0.0
237,0.0
238,0.0
239,0.0
240,0.0
241,0.0
242,0.0
243,0.0
244,0.0
245,0.0
246,0.0
247,0.0
248,0.0
249,0.0
250,0.0
251,0.0
252,0.0
253,0.0
254,0.0
255,0.0
256,0.0
257,0.0
258,0.0
259,0.0
260,0.0
261,0.0
262,0.0
263,0.0
264,0.0
265,0.0
266,0.0
267,0.0
268,0.0
269,0.0
270,0.0
271,0.0
272,0.0
273,0.0
274,0.0
275,0.0
276,0.0
277,0.0
278,0.0
279,0.0
280,0.0
281,0.0
282,0.0
283,0.0
284,0.0
285,0.0
286,0.0
287,0.0
288,0.0
289,0.0
290,0.0
291,0.0
292,0.0
293,0.0
294,0.0
295,0.0
296,0.0
297,0.0
298,0.0
299,0.0
300,0.0
301,0.0
302,0.0
303,0.0
304,0.0
305,0.0
306,0.0
307,0.0
308,0.0
309,0.0
310,0.0
311,0.0
312,0.0
313,0.0
314,0.0
