**** , USER DATA ,****,
, Device Info, 
-------------------------------------
Model :SM-A505F
Device: a50
Manufacturer: samsung
Board: exynos9610
Brand: samsung
SDK or OS  : 30
versionRelease: 11
VERSION_CODE: 5
VERSION_NAME: 1.0
-------------------------------------

 Unique file Id,82694, 
 Front Face,true, 
 Sampling Rate  : 9,

Id provided by Hospital or Entered manually or Randomly generated, 
20220111_134931-SM-A505F-21, 

 ************, User Manual Data : ,************ ,  

Gender,Female,
height,160,
weight,70,
Age,29,
BPsystolic(Manual),120,
BPdiastolic(Manual),80,
heartrate(Manual),70,
Medication,0,
Place ,,

 ************ , Advance Settings ,************ , 

 ************, 
 {hsvMin=60.0, hsvMax=340.0, saturationMin=0.4, saturationMax=1.0, brightnessMin=0.0, brightnessMax=1.0} ,************ ,  

 
  ************, Calculated : ,************

BMI,27,
BMR,1627,
BPsystolic,112,
BPdiastolic,73,
Heartrate,87,
Respirationrate,39,
Rythm,Pitta/Kapha(Reg),
Kathinya,231,
Kapha,50.00  %,
Vata,16.67  %,
Pitta,33.33  %,
Tala Result,0.0022485395764961858,
Variance Of Heart Rate,0.1847090920996523,
BSA,1.7318886979699173,
ET,252.57,
SV,49.030803397984656,
PP,29.430254140446976,
MPP,83.25,

 ************, KPV2 ,************
K2 , 38.60  %P2 , 31.70  %V2 , 29.70  %
PPG,


Colors Code , RED , GREEN , BLUE , H, S, V , GOOD SIGNAL HSV AVG ( per sec)  , <.1
0,99.0,64.0,58.0,24.943819,0.87684727,0.79607844,132.77777777777777,0.0
1,107.0,73.0,67.0,24.60674,0.87684727,0.79607844,159.77777777777777,0.0
2,114.0,79.0,73.0,24.60674,0.87684727,0.79607844,132.88888888888889,0.0
3,121.0,84.0,76.0,24.60674,0.87684727,0.79607844,139.88888888888889,0.0
4,124.0,84.0,76.0,24.943819,0.87684727,0.79607844,114.66666666666667,0.0
5,128.0,85.0,76.0,24.943819,0.87684727,0.79607844,59.77777777777778,0.0
6,128.0,79.0,67.0,24.943819,0.87684727,0.79607844,168.0,0.0
7,122.0,61.0,43.0,24.943819,0.87684727,0.79607844,190.77777777777777
8,124.0,60.0,40.0,24.943819,0.87684727,0.79607844,192.66666666666666
9,128.0,67.0,51.0,24.943819,0.87684727,0.79607844,193.44444444444446
10,134.0,77.0,62.0,24.943819,0.87684727,0.79607844,194.0
11,149.0,104.0,96.0,24.943819,0.87684727,0.79607844,198.66666666666666
12,160.0,124.0,120.0,24.943819,0.87684727,0.79607844,206.22222222222223
13,164.0,132.0,128.0,24.943819,0.87684727,0.79607844,206.66666666666666
14,167.0,141.0,134.0,24.943819,0.87684727,0.79607844,206.55555555555554
15,169.0,146.0,140.0,24.943819,0.87684727,0.79607844,206.44444444444446
16,167.0,146.0,141.0,24.943819,0.87684727,0.79607844,206.55555555555554
17,166.0,146.0,142.0,24.943819,0.87684727,0.79607844,206.66666666666666
18,162.0,144.0,141.0,24.943819,0.87684727,0.79607844,207.0
19,158.0,142.0,140.0,24.943819,0.87684727,0.79607844,207.0
20,155.0,140.0,138.0,24.943819,0.87684727,0.79607844,207.0
21,148.0,133.0,131.0,24.943819,0.87684727,0.79607844,206.88888888888889
22,138.0,122.0,119.0,24.943819,0.87684727,0.79607844,206.66666666666666
23,128.0,109.0,107.0,24.943819,0.87684727,0.79607844,206.66666666666666
24,119.0,99.0,96.0,24.943819,0.87684727,0.79607844,206.77777777777777
25,111.0,88.0,84.0,24.943819,0.87684727,0.79607844,207.0
26,114.0,95.0,91.0,24.943819,0.87684727,0.79607844,207.0
27,125.0,118.0,115.0,24.943819,0.87684727,0.79607844,206.11111111111111
28,141.0,143.0,141.0,24.943819,0.87684727,0.79607844,206.11111111111111
29,149.0,154.0,153.0,24.943819,0.87684727,0.79607844,205.88888888888889
30,152.0,158.0,157.0,24.943819,0.87684727,0.79607844,205.88888888888889
31,151.0,155.0,154.0,24.943819,0.87684727,0.79607844,205.66666666666666
32,148.0,149.0,147.0,24.943819,0.87684727,0.79607844,203.22222222222223
33,135.0,127.0,121.0,203.0
34,129.0,115.0,108.0,203.0
35,127.0,110.0,102.0,180.44444444444446
36,127.0,108.0,99.0
37,128.0,109.0,100.0
38,126.0,110.0,102.0
39,123.0,107.0,100.0
40,118.0,99.0,91.0
41,110.0,85.0,78.0
42,108.0,77.0,67.0
43,108.0,68.0,56.0
44,107.0,60.0,46.0
45,104.0,52.0,40.0
46,97.0,43.0,31.0
47,92.0,40.0,30.0
48,80.0,32.0,23.0
49,51.0,12.0,7.0
50,28.0,0.0,0.0
51,29.0,0.0,0.0
52,38.0,0.0,0.0
53,48.0,0.0,0.0
54,75.0,0.0,0.0
55,99.0,4.0,0.0
56,121.0,12.0,0.0
57,172.0,46.0,8.0
58,185.0,59.0,14.0
59,185.0,60.0,14.0
60,186.0,61.0,13.0
61,187.0,63.0,14.0
62,188.0,64.0,14.0
63,189.0,65.0,15.0
64,190.0,68.0,13.0
65,190.0,68.0,13.0
66,190.0,68.0,13.0
67,190.0,69.0,13.0
68,190.0,69.0,13.0
69,191.0,70.0,14.0
70,192.0,71.0,14.0
71,192.0,72.0,14.0
72,192.0,72.0,14.0
73,192.0,72.0,14.0
74,192.0,73.0,14.0
75,193.0,73.0,15.0
76,193.0,74.0,14.0
77,193.0,74.0,15.0
78,193.0,74.0,15.0
79,192.0,74.0,14.0
80,193.0,74.0,15.0
81,193.0,74.0,15.0
82,193.0,75.0,15.0
83,194.0,75.0,15.0
84,194.0,76.0,15.0
85,193.0,75.0,15.0
86,193.0,75.0,15.0
87,193.0,75.0,15.0
88,193.0,76.0,15.0
89,194.0,76.0,15.0
90,194.0,77.0,15.0
91,194.0,77.0,16.0
92,194.0,77.0,15.0
93,194.0,77.0,15.0
94,194.0,77.0,16.0
95,194.0,78.0,16.0
96,194.0,78.0,16.0
97,194.0,78.0,16.0
98,194.0,78.0,16.0
99,194.0,78.0,16.0
100,194.0,78.0,16.0
101,194.0,78.0,16.0
102,195.0,79.0,16.0
103,195.0,79.0,16.0
104,196.0,80.0,16.0
105,200.0,83.0,17.0
106,203.0,86.0,18.0
107,205.0,87.0,18.0
108,206.0,88.0,19.0
109,206.0,88.0,19.0
110,206.0,89.0,19.0
111,207.0,89.0,19.0
112,206.0,89.0,18.0
113,206.0,89.0,18.0
114,206.0,89.0,19.0
115,206.0,89.0,19.0
116,206.0,89.0,19.0
117,207.0,90.0,19.0
118,207.0,90.0,19.0
119,207.0,90.0,19.0
120,206.0,89.0,19.0
121,206.0,89.0,19.0
122,206.0,90.0,19.0
123,207.0,90.0,19.0
124,207.0,90.0,19.0
125,207.0,91.0,19.0
126,207.0,90.0,19.0
127,206.0,90.0,19.0
128,206.0,90.0,20.0
129,207.0,90.0,20.0
130,207.0,91.0,20.0
131,207.0,91.0,20.0
132,207.0,91.0,20.0
133,207.0,91.0,20.0
134,206.0,91.0,20.0
135,206.0,91.0,20.0
136,206.0,91.0,20.0
137,206.0,91.0,20.0
138,207.0,91.0,20.0
139,207.0,91.0,20.0
140,207.0,91.0,20.0
141,206.0,91.0,20.0
142,206.0,91.0,20.0
143,206.0,91.0,20.0
144,207.0,91.0,20.0
145,207.0,91.0,20.0
146,207.0,92.0,20.0
147,207.0,92.0,20.0
148,206.0,91.0,20.0
149,206.0,91.0,20.0
150,206.0,91.0,20.0
151,206.0,91.0,20.0
152,207.0,92.0,20.0
153,207.0,92.0,20.0
154,207.0,92.0,20.0
155,206.0,91.0,20.0
156,206.0,92.0,20.0
157,206.0,92.0,20.0
158,207.0,92.0,20.0
159,207.0,92.0,20.0
160,207.0,93.0,20.0
161,207.0,93.0,20.0
162,207.0,92.0,20.0
163,207.0,92.0,20.0
164,207.0,92.0,20.0
165,207.0,93.0,20.0
166,207.0,93.0,20.0
167,207.0,93.0,21.0
168,207.0,93.0,20.0
169,207.0,92.0,20.0
170,207.0,93.0,20.0
171,207.0,93.0,20.0
172,207.0,93.0,20.0
173,207.0,93.0,20.0
174,207.0,93.0,20.0
175,207.0,93.0,20.0
176,207.0,93.0,20.0
177,207.0,93.0,20.0
178,207.0,93.0,21.0
179,207.0,93.0,21.0
180,207.0,93.0,21.0
181,207.0,94.0,21.0
182,207.0,93.0,21.0
183,207.0,93.0,21.0
184,207.0,93.0,21.0
185,207.0,94.0,21.0
186,207.0,94.0,21.0
187,207.0,94.0,21.0
188,207.0,94.0,21.0
189,207.0,93.0,21.0
190,206.0,93.0,21.0
191,207.0,94.0,21.0
192,207.0,94.0,21.0
193,207.0,94.0,21.0
194,207.0,94.0,21.0
195,207.0,94.0,21.0
196,207.0,94.0,21.0
197,207.0,94.0,21.0
198,207.0,94.0,21.0
199,207.0,94.0,21.0
200,207.0,94.0,21.0
201,207.0,94.0,21.0
202,206.0,94.0,21.0
203,206.0,94.0,21.0
204,206.0,94.0,21.0
205,207.0,94.0,21.0
206,207.0,94.0,21.0
207,207.0,94.0,21.0
208,207.0,94.0,21.0
209,207.0,94.0,21.0
210,206.0,94.0,21.0
211,206.0,94.0,21.0
212,207.0,94.0,21.0
213,207.0,94.0,21.0
214,207.0,94.0,22.0
215,207.0,94.0,22.0
216,206.0,94.0,22.0
217,206.0,94.0,22.0
218,206.0,94.0,21.0
219,207.0,94.0,21.0
220,207.0,94.0,22.0
221,207.0,94.0,22.0
222,207.0,95.0,22.0
223,207.0,94.0,22.0
224,207.0,94.0,22.0
225,207.0,95.0,22.0
226,207.0,95.0,22.0
227,207.0,95.0,22.0
228,207.0,95.0,22.0
229,207.0,95.0,22.0
230,207.0,95.0,22.0
231,207.0,95.0,22.0
232,207.0,95.0,22.0
233,207.0,95.0,22.0
234,207.0,95.0,22.0
235,207.0,95.0,22.0
236,207.0,95.0,22.0
237,207.0,95.0,22.0
238,207.0,95.0,22.0
239,207.0,95.0,22.0
240,207.0,95.0,22.0
241,207.0,95.0,22.0
242,207.0,95.0,22.0
243,207.0,95.0,22.0
244,207.0,95.0,22.0
245,206.0,95.0,22.0
246,206.0,95.0,22.0
247,206.0,96.0,22.0
248,206.0,96.0,22.0
249,206.0,96.0,22.0
250,206.0,96.0,22.0
251,206.0,96.0,22.0
252,206.0,96.0,22.0
253,206.0,96.0,22.0
254,206.0,96.0,22.0
255,206.0,96.0,22.0
256,206.0,96.0,22.0
257,207.0,96.0,22.0
258,206.0,96.0,22.0
259,206.0,96.0,22.0
260,206.0,96.0,22.0
261,206.0,96.0,22.0
262,206.0,96.0,22.0
263,206.0,96.0,22.0
264,206.0,96.0,22.0
265,206.0,96.0,22.0
266,205.0,96.0,22.0
267,206.0,96.0,22.0
268,206.0,96.0,22.0
269,206.0,96.0,22.0
270,206.0,96.0,22.0
271,206.0,96.0,22.0
272,206.0,96.0,22.0
273,205.0,96.0,22.0
274,206.0,96.0,22.0
275,206.0,96.0,22.0
276,206.0,96.0,22.0
277,206.0,96.0,22.0
278,206.0,96.0,22.0
279,206.0,96.0,22.0
280,206.0,96.0,22.0
281,206.0,96.0,22.0
282,206.0,96.0,22.0
283,206.0,96.0,23.0
284,206.0,96.0,23.0
285,206.0,96.0,22.0
286,205.0,96.0,22.0
287,205.0,96.0,22.0
288,205.0,96.0,23.0
289,204.0,98.0,24.0
290,204.0,98.0,25.0
291,203.0,99.0,25.0
292,203.0,98.0,25.0
293,203.0,98.0,25.0
294,203.0,98.0,25.0
295,203.0,99.0,25.0
296,203.0,99.0,25.0
297,203.0,99.0,25.0
298,203.0,99.0,25.0
299,203.0,99.0,25.0
300,203.0,99.0,25.0
301,203.0,99.0,25.0
302,203.0,99.0,25.0
303,203.0,99.0,25.0
304,203.0,99.0,25.0
305,203.0,99.0,25.0
306,203.0,99.0,25.0
307,203.0,99.0,25.0
308,203.0,99.0,25.0
309,203.0,99.0,25.0
310,203.0,99.0,25.0
311,203.0,99.0,25.0
312,203.0,99.0,25.0
313,203.0,99.0,25.0
314,203.0,99.0,25.0
315,203.0,99.0,25.0
316,203.0,99.0,25.0
317,203.0,99.0,25.0
318,203.0,99.0,25.0
319,203.0,99.0,25.0
320,203.0,99.0,25.0
321,203.0,99.0,25.0
322,203.0,99.0,25.0
323,203.0,99.0,25.0

 ************, After Bandpass: ,************
central frequency  ,2.25 
Width frequency  , 3.16 

 ************, PPG Signal : ,************ , , Removed 
0,-1.047539810917101, ,,-99.0
1,1.249223521408453, ,,-107.0
2,-0.04916789637036345, ,,-114.0
3,-0.9734476076000647, ,,-121.0
4,-4.105784324697765, ,,-124.0
5,-3.098724367878276, ,,-128.0
6,1.8450028641142353, ,,-128.0
7,3.190273115518721, ,,-122.0
8,2.395339515861451, ,,-124.0
9,-0.8506134866331649, ,,-128.0
10,-3.1524145759060502, ,,68.03641902970189
11,-5.943515862629511, ,,92.66078593386786
12,-19.150741323651573, ,,18.364165629124315
13,-26.564298095394747, ,,1.8652406029933672
14,-9.964520782818227, ,,-18.216008617693888
15,11.882209090559797, ,,-34.46696875851012
16,22.824228879605585, ,,-30.687009817737362
17,35.8620629872965, ,,-36.834426215824124
18,44.23915501375939, ,,-27.877409506516415
19,37.789334486276516, ,,-25.85445363363783
20,45.39070034848828, ,,-18.020221867080636
21,36.58787342046696, ,,-13.259142316004954
22,-1.6573646749403679, ,,-12.913016426156446
23,-17.760841109404055, ,,-10.206856628697551
24,-25.231171766605712, ,,-7.56333756136155
25,-28.838673593931617, ,,-3.6953592859428
26,-24.570025506341835, ,,4.59301606978363
27,-21.42312390142888, ,,17.287933650062655
28,-15.803472214686508, ,,26.1777339233264
29,-11.779310150146102, ,,25.158740404281843
30,-7.435927217220296, ,,15.436081156994192
31,-3.9810802160300227, ,,5.353711291268951
32,-1.1261079847940891, ,,-3.161371716208464
33,1.3502473277148965, ,,-13.543278127351755
34,1.716946073685449, ,,-17.78802539547621
35,1.5467698646898498, ,,-11.683269366332866
36,1.3945837801147718, ,,-5.938737269734588
37,1.043894761237425, ,
38,1.258440440690265, ,
39,1.1072362609697848, ,
40,0.26814245623199895, ,
41,0.03453564225105765, ,
42,-0.6935615281900027, ,
43,-0.4631762956012153, ,
44,0.31455657621700084, ,
45,-0.24258896367246052, ,
46,0.3804152719335434, ,
47,0.5385063552921565, ,
48,-0.6773500960657657, ,
49,-0.7380054446293798, ,
50,-0.30177822105270025, ,
51,-0.23010098259101142, ,
52,0.44500229157711146, ,
53,0.664969118015506, ,
54,0.07820954614589937, ,
55,0.04549474737086712, ,
56,-0.0809943668455162, ,
57,-0.1726338186956582, ,
58,-0.12609094243680374, ,
59,-0.16759808745905502, ,
60,-0.10519782532469435, ,
61,-0.0968999025303674, ,
62,-0.059986032342976614, ,
63,-0.035857531698184175, ,
64,-0.020157887041477807, ,
65,0.5054299844714478, ,
66,0.6372262220970697, ,
67,0.5416879320835051, ,
68,2.6194661301312863, ,
69,3.9342911979099426, ,
70,2.712405743503041, ,
71,1.282650827195539, ,
72,-0.5986473421937717, ,
73,-1.9228174865336314, ,
74,-1.7191319619537353, ,
75,-2.171096500152771, ,
76,-2.578040519717888, ,
77,-1.6415812443487994, ,
78,-1.2361202108374982, ,
79,-0.8127541282460697, ,
80,0.17173549833455581, ,
81,0.45517928778963324, ,
82,0.10561683241076025, ,
83,-0.43830592665335644, ,
84,-0.6057466983406812, ,
85,-0.095415825718419, ,
86,0.5353934742643105, ,
87,0.7169852960812477, ,
88,0.23554207049824072, ,
89,0.08233334259557523, ,
90,-0.4908001580822656, ,
91,-0.7765588576344271, ,
92,0.39228969269152003, ,
93,0.5402753783064327, ,
94,0.08293319315475856, ,
95,0.10721460822355766, ,
96,-0.04242392350420232, ,
97,-0.5912945953600683, ,
98,-0.7139881672010233, ,
99,-0.13327620210998248, ,
100,-0.014387692149512077, ,
101,0.5982185762982226, ,
102,0.8482984788161048, ,
103,0.18146650625249094, ,
104,-0.36721441621693884, ,
105,-0.6656700237163022, ,
106,-0.16921524749182026, ,
107,0.44908794889443016, ,
108,0.624111935709152, ,
109,0.16838142648498433, ,
110,0.02110144261359892, ,
111,-0.5279328375102068, ,
112,-0.8025744403530553, ,
113,-0.12826526933713467, ,
114,-0.0983648583737704, ,
115,0.567202212082293, ,
116,0.8029014755416028, ,
117,0.14942949892133583, ,
118,-0.38425897154456834, ,
119,-0.6830843816569541, ,
120,-0.17230413857737403, ,
121,0.44501549315327793, ,
122,0.6262276230779662, ,
123,0.17082562722703187, ,
124,0.024286146934173303, ,
125,-0.016574622387224736, ,
126,-0.16534672057309763, ,
127,-0.10144076578581007, ,
128,-0.15293641599919283, ,
129,-0.10139614999388868, ,
130,-0.088194615704424, ,
131,-0.06239305953931762, ,
132,-0.03424134756892272, ,
133,-0.02293047175294305, ,
134,-0.004099061105762303, ,
135,6.697344940675976E-4, ,
136,0.007509905592996802, ,
137,0.008836877054818615, ,
138,0.008829673886339151, ,
139,0.008209448438719846, ,
140,0.006115667008543824, ,
141,0.0047720607212795585, ,
142,0.0029241764850667096, ,
143,0.0017316189496341394, ,
144,7.053920194266539E-4, ,
145,1.7707227470964426E-5, ,
146,-3.5185356728106854E-4, ,
147,-5.797828771392233E-4, ,
148,-5.981225008326874E-4, ,
149,-5.661149134539301E-4, ,
150,-4.6063380591476744E-4, ,
151,-3.4737728947220603E-4, ,
152,-2.3778899299031764E-4, ,
153,-0.5078747543670943, ,
154,-0.1269969794343524, ,
155,0.610325312785335, ,
156,0.08039694099852568, ,
157,0.10595020095888685, ,
158,0.09506226846156096, ,
159,-0.0692485613435565, ,
160,0.026111131649258823, ,
161,-0.0774503138873115, ,
162,-0.02337693237222993, ,
163,-0.044875810601752164, ,
164,-0.03235403897087963, ,
165,-0.5265853049422731, ,
166,-0.6548808469751748, ,
167,-0.029570158118531253, ,
168,0.5572806818411209, ,
169,0.7971671516290826, ,
170,0.2824316254407222, ,
171,0.13403109147316172, ,
172,0.054992310449506476, ,
173,-0.6260664577171156, ,
174,-0.7069338834726295, ,
175,0.3392291912530254, ,
176,0.5913555739457479, ,
177,0.09092228783879364, ,
178,0.129869622860042, ,
179,-0.5261777759114921, ,
180,-0.709925033647778, ,
181,-0.08707483827174656, ,
182,0.45786442591793275, ,
183,0.7322048300493407, ,
184,0.2105881526331359, ,
185,0.08822673949680393, ,
186,0.020709925814799135, ,
187,-0.1397580430234484, ,
188,-0.08120518477812766, ,
189,-0.14816897288710607, ,
190,-0.09662602107164275, ,
191,-0.09136499188116431, ,
192,-0.0654323984642815, ,
193,-0.03884042180470715, ,
194,-0.02749310768012947, ,
195,-0.007624811511504959, ,
196,-0.0025410250914319477, ,
197,0.005567188745317253, ,
198,0.007389615418560425, ,
199,0.008140987881233741, ,
200,0.007935461194392701, ,
201,0.006134407783065399, ,
202,0.005001321440886386, ,
203,0.003195781678186904, ,
204,0.0020425705947673123, ,
205,9.681756678219244E-4, ,
206,2.3781759500707267E-4, ,
207,-1.911004246721859E-4, ,
208,-0.508208519008349, ,
209,-0.6351972458958244, ,
210,-0.02486166914968635, ,
211,0.055602328799068346, ,
212,0.16161567041331182, ,
213,0.2567403448663299, ,
214,0.18754820799563277, ,
215,0.21369829748300617, ,
216,0.13627928197411165, ,
217,0.11291933874917959, ,
218,0.06805367711876897, ,
219,0.035702668846624874, ,
220,0.5245852245652713, ,
221,0.12355721673975495, ,
222,-0.6189638445412129, ,
223,-0.09552004737565767, ,
224,-0.12052882878333548, ,
225,-0.10852430959994308, ,
226,0.05816363121539325, ,
227,-0.03402280181853712, ,
228,0.07188408917409106, ,
229,-0.4874093481505497, ,
230,-0.0835353927009237, ,
231,0.6424835434149827, ,
232,0.09974311906148614, ,
233,0.1270067688949439, ,
234,0.1012807055360554, ,
235,-0.06184434976535158, ,
236,-0.4813882705627748, ,
237,-0.20491501729611628, ,
238,0.5849863706407632, ,
239,0.032572711660805, ,
240,0.0713326066022546, ,
241,0.07368739055186779, ,
242,-0.09110107102242182, ,
243,0.01950209464666841, ,
244,-0.08477773716981574, ,
245,-0.023289870007374702, ,
246,-0.043967273126099826, ,
247,-0.029942996225599927, ,
248,-0.015571615637782088, ,
249,-0.5254217128413075, ,
250,-0.6372161245692496, ,
251,-0.029097672824491383, ,
252,-0.44973571985133276, ,
253,-0.4707524808511607, ,
254,-0.2722494394820387, ,
255,-0.38753870851769534, ,
256,0.353731395276327, ,
257,0.4517577338990577, ,
258,0.4639704868661738, ,
259,0.5398958521227541, ,
260,0.36023798506039384, ,
261,0.34373790103927604, ,
262,0.20097345404883526, ,
263,0.13978476245961247, ,
264,0.06951395788746595, ,
265,0.01742443363627899, ,
266,-0.00552728335219399, ,
267,-0.029844697967291722, ,
268,-0.031338507101509094, ,
269,-0.03433682281433903, ,
270,-0.028870061738416553, ,
271,-0.02296918900469791, ,
272,-0.016938623517035012, ,
273,-0.010495849997823825, ,
274,-0.00619706170846257, ,
275,-0.002255699641409592, ,
276,-3.31985415868985E-5, ,
277,0.0014728623082191916, ,
278,0.0021393166546204156, ,
279,0.002238727282929176, ,
280,0.0020807228686408052, ,
281,0.001673041650064988, ,
282,0.0012677916147367796, ,
283,8.459517125629645E-4, ,
284,5.028323034821369E-4, ,
285,2.3564631942463166E-4, ,
286,4.535887001111405E-5, ,

 ************, GATI FFT  : ,************ , , Removed 
0,61180.031415487196
1,5156.244893330131
2,3664.3158491796044
3,2230.9545241543437
4,1178.433855702493
5,731.3323119026142
6,1185.024850946394
7,1566.4037184450196
8,1532.844637848207
9,1095.8634377353017
10,534.2135401982837
11,324.70592136702527
12,807.5931767403332
13,1178.608508952827
14,1230.4563646284666
15,1010.811629193427
16,639.2182039045049
17,216.7891433403833
18,206.1151389928954
19,558.8736082906632
20,724.5362701468033
21,664.9450872650733
22,498.90962001127446
23,376.4651546481211
24,387.9445525090495
25,483.7407871276099
26,514.1361088956685
27,403.6441518513588
28,215.80732711480942
29,29.031936186980392
30,153.90764979577176
31,288.4073841057041
32,330.46266779034136
33,265.4108687425408
34,134.04700284089878
35,83.23029415130904
36,188.94590234220541
37,310.08120537083244
38,344.77219053339434
39,314.5121237288386
40,246.16464908335985
41,211.4256030446445
42,187.50006344118472
43,155.3878473138453
44,152.91032252035797
45,116.2053206705018
46,110.30310262030295
47,108.27633553289049
48,167.364442259508
49,143.63816726675486
50,123.33171272525064
51,103.97274869463222
52,106.59260367938704
53,154.21383913979784
54,164.6481096156284
55,120.04733367287176
56,64.54527972107722
57,62.12511324246833
58,93.96101361165779
59,133.47509591917645
60,134.383467028616
61,82.71303740255922
62,29.448613041840115
63,62.21838776410121
64,116.94614068848296
65,150.02889975803316
66,144.77326000614627
67,106.42237278226956
68,45.678918925034246
69,56.583668302018346
70,95.16255331156579
71,122.60068374868776
72,119.8593263265593
73,83.01369779112268
74,49.49354060787538
75,70.87787704104898
76,93.81664703044473
77,114.81843897027204
78,110.16524131364288
79,89.79203800520506
80,62.517277624908594
81,58.25804665451803
82,63.06677049841698
83,57.1143222334175
84,57.80537129816221
85,67.01480740617961
86,83.21399521122375
87,100.00193981906236
88,95.03192558433742
89,72.08633796898191
90,50.34220801292469
91,62.07664104453177
92,82.6234597753191
93,92.3491871170142
94,92.6220784458239
95,56.926551856534616
96,40.28336348579511
97,69.5762833687691
98,95.09096209404385
99,116.26443465540206
100,100.24379340485697
101,64.19901897178075
102,34.397394199230696
103,64.0640067295883
104,93.69191719079863
105,97.6938122601794
106,87.54447611580021
107,61.76382331779472
108,26.851443164195082
109,56.64169997027533
110,79.22021888417575
111,85.79008471061765
112,68.59052371659332
113,34.59770110789439
114,24.206220093540665
115,52.00971579041192
116,73.16107364097464
117,71.01340856970303
118,65.44045058397992
119,49.06949950465226
120,40.18784287160779
121,56.44325893881213
122,71.55983292863188
123,66.6257402291312
124,44.119547613741524
125,38.1100938705693
126,53.19033342932568
127,75.8549298989413
128,83.81954568138575
129,65.23339636262321
130,43.72218393327236
131,37.00897968622058
132,53.562239585854186
133,71.34595317131102
134,71.56159658902953
135,64.13578311829713
136,46.67308841729105
137,44.03358893111685
138,65.07970915443474
139,66.53016843525093
140,73.50963186048516
141,51.534159350451056
142,40.3130622517841
143,49.61627273536368
144,64.80885649842268
145,72.63161946490963
146,65.24663090141733
147,56.071335371593186
148,45.27308210055569
149,46.505627929102396
150,55.86677558558458
151,60.28241693345752
152,52.80527148302987
153,42.07372748450494
154,45.95673994740423
155,56.318268985252296
156,72.0369750112445
157,73.5893270798106
158,53.320054235172556
159,52.86596823056139
160,44.317174145406696
161,52.49126742084271
162,0.0
163,0.0
164,0.0
165,0.0
166,0.0
167,0.0
168,0.0
169,0.0
170,0.0
171,0.0
172,0.0
173,0.0
174,0.0
175,0.0
176,0.0
177,0.0
178,0.0
179,0.0
180,0.0
181,0.0
182,0.0
183,0.0
184,0.0
185,0.0
186,0.0
187,0.0
188,0.0
189,0.0
190,0.0
191,0.0
192,0.0
193,0.0
194,0.0
195,0.0
196,0.0
197,0.0
198,0.0
199,0.0
200,0.0
201,0.0
202,0.0
203,0.0
204,0.0
205,0.0
206,0.0
207,0.0
208,0.0
209,0.0
210,0.0
211,0.0
212,0.0
213,0.0
214,0.0
215,0.0
216,0.0
217,0.0
218,0.0
219,0.0
220,0.0
221,0.0
222,0.0
223,0.0
224,0.0
225,0.0
226,0.0
227,0.0
228,0.0
229,0.0
230,0.0
231,0.0
232,0.0
233,0.0
234,0.0
235,0.0
236,0.0
237,0.0
238,0.0
239,0.0
240,0.0
241,0.0
242,0.0
243,0.0
244,0.0
245,0.0
246,0.0
247,0.0
248,0.0
249,0.0
250,0.0
251,0.0
252,0.0
253,0.0
254,0.0
255,0.0
256,0.0
257,0.0
258,0.0
259,0.0
260,0.0
261,0.0
262,0.0
263,0.0
264,0.0
265,0.0
266,0.0
267,0.0
268,0.0
269,0.0
270,0.0
271,0.0
272,0.0
273,0.0
274,0.0
275,0.0
276,0.0
277,0.0
278,0.0
279,0.0
280,0.0
281,0.0
282,0.0
283,0.0
284,0.0
285,0.0
286,0.0
287,0.0
288,0.0
289,0.0
290,0.0
291,0.0
292,0.0
293,0.0
294,0.0
295,0.0
296,0.0
297,0.0
298,0.0
299,0.0
300,0.0
301,0.0
302,0.0
303,0.0
304,0.0
305,0.0
306,0.0
307,0.0
308,0.0
309,0.0
310,0.0
311,0.0
312,0.0
313,0.0
314,0.0
315,0.0
316,0.0
317,0.0
318,0.0
319,0.0
320,0.0
321,0.0
322,0.0
323,0.0
