**** , USER DATA ,****,
, Device Info, 
-------------------------------------
Model :SM-A505F
Device: a50
Manufacturer: samsung
Board: exynos9610
Brand: samsung
SDK or OS  : 30
versionRelease: 11
VERSION_CODE: 5
VERSION_NAME: 1.0
-------------------------------------

 Unique file Id,19816, 
 Front Face,true, 
 Sampling Rate  : 8,

Id provided by Hospital or Entered manually or Randomly generated, 
20220111_152714-SM-A505F-31, 

 ************, User Manual Data : ,************ ,  

Gender,Female,
height,160,
weight,70,
Age,29,
BPsystolic(Manual),130,
BPdiastolic(Manual),90,
heartrate(Manual),70,
Medication,1,
Place ,,

 ************ , Advance Settings ,************ , 

 ************, 
 {hsvMin=60.0, hsvMax=340.0, saturationMin=0.4, saturationMax=1.0, brightnessMin=0.0, brightnessMax=1.0} ,************ ,  

 
  ************, Calculated : ,************

BMI,27,
BMR,1627,
BPsystolic,110,
BPdiastolic,74,
Heartrate,93,
Respirationrate,12,
Rythm,Pitta/Kapha(Reg),
Kathinya,248,
Kapha,50.00  %,
Vata,16.67  %,
Pitta,33.33  %,
Tala Result,0.001903839330923704,
Variance Of Heart Rate,0.5911284253920158,
BSA,1.7318886979699173,
ET,252.57,
SV,45.31080339798466,
PP,27.594886356872507,
MPP,83.25,

 ************, KPV2 ,************
K2 , 57.19  %P2 , 18.62  %V2 , 24.19  %
PPG,


Colors Code , RED , GREEN , BLUE , H, S, V , GOOD SIGNAL HSV AVG ( per sec)  , <.1
0,166.0,14.0,3.0,15.0,0.55026454,0.7411765,250.5,0.0
1,183.0,28.0,12.0,15.0,0.5531915,0.7372549,245.25
2,201.0,40.0,21.0,15.0,0.5531915,0.7372549,236.875
3,237.0,70.0,45.0,15.145632,0.54787236,0.7372549,229.875
4,243.0,91.0,69.0,14.563107,0.54497355,0.7411765,223.0
5,243.0,81.0,56.0,14.563107,0.54497355,0.7411765,209.25
6,244.0,84.0,59.0,14.563107,0.54787236,0.7372549,201.0
7,243.0,79.0,52.0,14.563107,0.54787236,0.7372549,197.125
8,244.0,79.0,49.0,14.563107,0.54787236,0.7372549,194.875
9,244.0,78.0,50.0,14.257426,0.53723407,0.7372549,192.625
10,245.0,86.0,60.0,14.851485,0.53723407,0.7372549,190.75
11,246.0,93.0,69.0,14.705882,0.5425532,0.7372549,189.875
12,246.0,90.0,64.0,14.563107,0.5508021,0.73333335,189.5
13,245.0,90.0,65.0,14.563107,0.5508021,0.73333335,189.75
14,245.0,100.0,79.0,14.285714,0.55851066,0.7372549,189.625
15,246.0,104.0,84.0,15.28302,0.5638298,0.7372549,190.25
16,245.0,104.0,84.0,14.716981,0.5638298,0.7372549,190.625
17,242.0,96.0,73.0,15.272727,0.5851064,0.7372549,191.25
18,239.0,88.0,62.0,15.272727,0.5851064,0.7372549,191.375
19,236.0,84.0,52.0,14.862386,0.57978725,0.7372549,190.625
20,235.0,84.0,52.0,15.0,0.565445,0.7490196,190.75
21,235.0,89.0,54.0,15.0,0.5625,0.7529412,191.25
22,235.0,97.0,62.0,14.862386,0.5706806,0.7490196,191.875
23,236.0,105.0,68.0,14.444445,0.56842107,0.74509805,191.75
24,237.0,110.0,72.0,14.311927,0.5706806,0.7490196,191.875
25,235.0,111.0,74.0,14.862386,0.5706806,0.7490196,191.875
26,233.0,111.0,75.0,15.0,0.565445,0.7490196,191.125
27,232.0,112.0,77.0,14.862386,0.5736842,0.74509805,190.75
28,230.0,112.0,78.0,14.594595,0.5842105,0.74509805,190.375
29,228.0,111.0,79.0,15.0,0.58638746,0.7490196,190.5
30,228.0,111.0,79.0,15.0,0.56842107,0.74509805,188.0
31,227.0,113.0,83.0,15.140186,0.56020945,0.7490196,188.375
32,226.0,113.0,84.0,14.716981,0.55789477,0.74509805,188.25
33,226.0,115.0,87.0,187.75
34,228.0,123.0,96.0,190.25
35,227.0,120.0,91.0,166.625
36,228.0,121.0,93.0
37,222.0,115.0,84.0
38,220.0,113.0,79.0
39,217.0,109.0,74.0
40,216.0,107.0,68.0
41,216.0,109.0,73.0
42,215.0,110.0,76.0
43,213.0,105.0,69.0
44,209.0,98.0,54.0
45,206.0,92.0,46.0
46,206.0,93.0,50.0
47,205.0,94.0,54.0
48,204.0,96.0,60.0
49,203.0,94.0,57.0
50,203.0,102.0,71.0
51,202.0,99.0,67.0
52,201.0,99.0,67.0
53,201.0,101.0,70.0
54,200.0,101.0,73.0
55,199.0,100.0,72.0
56,199.0,102.0,75.0
57,199.0,104.0,79.0
58,199.0,104.0,79.0
59,198.0,104.0,78.0
60,196.0,102.0,75.0
61,197.0,105.0,79.0
62,196.0,106.0,81.0
63,196.0,106.0,82.0
64,196.0,107.0,82.0
65,196.0,107.0,83.0
66,194.0,103.0,77.0
67,196.0,110.0,87.0
68,195.0,110.0,87.0
69,195.0,108.0,83.0
70,195.0,107.0,82.0
71,194.0,105.0,80.0
72,194.0,106.0,81.0
73,194.0,108.0,83.0
74,193.0,107.0,82.0
75,193.0,107.0,80.0
76,193.0,107.0,81.0
77,192.0,108.0,84.0
78,192.0,109.0,85.0
79,192.0,109.0,85.0
80,192.0,108.0,84.0
81,191.0,108.0,83.0
82,191.0,106.0,80.0
83,191.0,106.0,80.0
84,191.0,107.0,80.0
85,191.0,107.0,81.0
86,191.0,107.0,80.0
87,190.0,105.0,78.0
88,190.0,105.0,78.0
89,190.0,108.0,84.0
90,190.0,108.0,84.0
91,190.0,108.0,84.0
92,190.0,106.0,82.0
93,189.0,104.0,79.0
94,190.0,105.0,80.0
95,190.0,106.0,82.0
96,190.0,106.0,81.0
97,190.0,106.0,81.0
98,189.0,105.0,80.0
99,189.0,105.0,80.0
100,189.0,105.0,81.0
101,190.0,106.0,81.0
102,190.0,106.0,82.0
103,189.0,105.0,80.0
104,190.0,108.0,84.0
105,190.0,108.0,85.0
106,190.0,108.0,84.0
107,190.0,109.0,85.0
108,190.0,107.0,83.0
109,189.0,106.0,80.0
110,189.0,106.0,82.0
111,190.0,107.0,83.0
112,190.0,107.0,82.0
113,190.0,107.0,83.0
114,189.0,107.0,82.0
115,189.0,106.0,82.0
116,189.0,107.0,82.0
117,190.0,107.0,82.0
118,190.0,108.0,83.0
119,190.0,107.0,82.0
120,190.0,107.0,81.0
121,190.0,107.0,82.0
122,190.0,108.0,81.0
123,191.0,109.0,81.0
124,191.0,108.0,80.0
125,190.0,107.0,80.0
126,190.0,107.0,80.0
127,190.0,107.0,80.0
128,190.0,108.0,81.0
129,191.0,108.0,81.0
130,190.0,107.0,80.0
131,190.0,107.0,80.0
132,190.0,108.0,81.0
133,191.0,108.0,81.0
134,191.0,109.0,82.0
135,191.0,108.0,81.0
136,191.0,107.0,80.0
137,191.0,108.0,80.0
138,191.0,108.0,80.0
139,191.0,109.0,81.0
140,192.0,109.0,81.0
141,191.0,109.0,80.0
142,191.0,109.0,81.0
143,191.0,109.0,81.0
144,192.0,109.0,81.0
145,192.0,110.0,82.0
146,191.0,110.0,82.0
147,191.0,109.0,82.0
148,191.0,110.0,84.0
149,191.0,110.0,84.0
150,192.0,111.0,84.0
151,192.0,111.0,84.0
152,191.0,109.0,82.0
153,191.0,109.0,83.0
154,191.0,109.0,83.0
155,191.0,110.0,84.0
156,191.0,110.0,84.0
157,191.0,110.0,85.0
158,190.0,109.0,85.0
159,190.0,111.0,87.0
160,190.0,110.0,86.0
161,191.0,111.0,86.0
162,191.0,111.0,86.0
163,190.0,110.0,85.0
164,190.0,110.0,84.0
165,191.0,110.0,84.0
166,191.0,111.0,86.0
167,191.0,111.0,86.0
168,191.0,111.0,85.0
169,191.0,110.0,84.0
170,191.0,111.0,85.0
171,191.0,111.0,85.0
172,192.0,111.0,85.0
173,192.0,112.0,86.0
174,191.0,111.0,85.0
175,191.0,111.0,85.0
176,191.0,111.0,85.0
177,191.0,111.0,85.0
178,192.0,112.0,85.0
179,192.0,112.0,85.0
180,191.0,110.0,83.0
181,192.0,111.0,83.0
182,192.0,111.0,83.0
183,192.0,112.0,83.0
184,193.0,112.0,84.0
185,192.0,111.0,82.0
186,192.0,110.0,81.0
187,192.0,110.0,82.0
188,192.0,110.0,83.0
189,192.0,111.0,83.0
190,192.0,111.0,83.0
191,191.0,110.0,83.0
192,191.0,110.0,83.0
193,191.0,110.0,83.0
194,192.0,111.0,83.0
195,192.0,112.0,83.0
196,192.0,111.0,82.0
197,191.0,110.0,81.0
198,192.0,111.0,83.0
199,192.0,112.0,84.0
200,193.0,113.0,84.0
201,193.0,112.0,84.0
202,192.0,111.0,83.0
203,192.0,113.0,86.0
204,192.0,113.0,86.0
205,192.0,113.0,85.0
206,192.0,113.0,85.0
207,191.0,111.0,84.0
208,191.0,110.0,83.0
209,191.0,110.0,83.0
210,191.0,111.0,83.0
211,192.0,111.0,84.0
212,191.0,111.0,84.0
213,191.0,110.0,84.0
214,191.0,111.0,85.0
215,191.0,112.0,86.0
216,191.0,111.0,86.0
217,191.0,112.0,86.0
218,191.0,112.0,87.0
219,190.0,110.0,85.0
220,191.0,111.0,86.0
221,191.0,111.0,86.0
222,191.0,112.0,87.0
223,191.0,112.0,87.0
224,190.0,111.0,85.0
225,190.0,111.0,86.0
226,190.0,111.0,86.0
227,191.0,111.0,85.0
228,191.0,111.0,85.0
229,190.0,110.0,84.0
230,190.0,109.0,83.0
231,190.0,110.0,84.0
232,191.0,110.0,84.0
233,191.0,111.0,85.0
234,191.0,111.0,85.0
235,190.0,110.0,85.0
236,191.0,113.0,89.0
237,191.0,115.0,91.0
238,191.0,114.0,89.0
239,191.0,113.0,88.0
240,188.0,109.0,84.0
241,188.0,110.0,85.0
242,188.0,110.0,84.0
243,188.0,110.0,84.0
244,188.0,111.0,86.0
245,188.0,111.0,86.0
246,188.0,110.0,85.0
247,188.0,110.0,85.0
248,188.0,111.0,85.0
249,189.0,111.0,86.0
250,188.0,111.0,85.0
251,188.0,110.0,84.0
252,188.0,110.0,84.0
253,188.0,111.0,85.0
254,189.0,112.0,86.0
255,189.0,111.0,85.0
256,188.0,110.0,84.0
257,188.0,110.0,84.0
258,188.0,111.0,85.0
259,189.0,111.0,86.0
260,189.0,111.0,86.0
261,188.0,110.0,85.0
262,188.0,110.0,85.0
263,188.0,110.0,85.0
264,188.0,111.0,87.0
265,188.0,112.0,87.0
266,188.0,111.0,86.0
267,187.0,109.0,84.0
268,187.0,109.0,84.0
269,188.0,108.0,83.0
270,188.0,109.0,82.0
271,188.0,108.0,82.0
272,188.0,106.0,78.0
273,188.0,106.0,78.0
274,188.0,106.0,79.0
275,191.0,110.0,83.0
276,192.0,111.0,84.0
277,191.0,109.0,82.0
278,190.0,108.0,82.0
279,191.0,108.0,82.0
280,191.0,109.0,82.0
281,191.0,110.0,83.0
282,190.0,108.0,81.0
283,190.0,106.0,79.0
284,191.0,107.0,79.0
285,190.0,109.0,82.0
286,191.0,111.0,84.0
287,190.0,110.0,84.0

 ************, After Bandpass: ,************
central frequency  ,2.25 
Width frequency  , 3.16 

 ************, PPG Signal : ,************ , , Removed 
0,1.144773294350216, ,,-166.0
1,2.1791918774933947, ,,-183.0
2,1.46560325669725, ,,-201.0
3,1.0149089111928333, ,,-237.0
4,-2.6867656870181236, ,,-243.0
5,-3.929753242816787, ,,-243.0
6,-2.3584275720827463, ,,-244.0
7,-1.7673264382433445, ,,-243.0
8,1.1226966857284424, ,,-244.0
9,1.0154840714867532, ,,152.36523185789378
10,0.4684520274740862, ,,113.25999450823502
11,-1.3495660743926692, ,,-16.43252014547437
12,-1.992768213612635, ,,-12.203295246536584
13,0.5794610696216296, ,,-66.36724137756164
14,1.1403437630124245, ,,-43.355946430869835
15,1.3045218100385227, ,,-53.58562132725456
16,1.1046759982164076, ,,-33.321598643135985
17,1.616673308651798, ,,-29.88164374670646
18,1.0609429100882153, ,,-19.586064686805457
19,0.4257695250073539, ,,-10.185300621262286
20,0.7422786129227461, ,,-6.740880063078748
21,0.34686697847814685, ,,3.9395046842498687
22,-0.2956787061718842, ,,1.024584026587263
23,0.3499083330277699, ,,8.642981246388445
24,0.5769938324772284, ,,3.1211134485890852
25,0.6872115954749916, ,,5.788115168362083
26,-0.03317732987022737, ,,-1.5138516732272365
27,-1.2100557255814692, ,,2.250506147376882
28,0.11396136197117812, ,,-2.3032158786584205
29,0.2647930122004709, ,,-0.02350635539596624
30,-0.04276076337350787, ,,-1.049434022255582
31,0.7851931918482933, ,,1.0233239317808511
32,0.3525668873548966, ,,-0.48958228667470394
33,-0.603105937414739, ,
34,0.6253098161440676, ,
35,0.7818425280078145, ,
36,-0.34838782717986305, ,
37,0.6041215624449023, ,
38,-0.7093428130069697, ,
39,-0.1290001892360806, ,
40,0.0860279822964003, ,
41,-0.464552154306034, ,
42,-0.14188662004050911, ,
43,0.21954724436182005, ,
44,-0.28627472815469446, ,
45,-0.1423999582638089, ,
46,0.42901899400396815, ,
47,0.2463756272638875, ,
48,-0.12604330130955077, ,
49,-0.23087445166345333, ,
50,0.4015399542369096, ,
51,0.1620996902472598, ,
52,0.41940718109003683, ,
53,0.19299738482050088, ,
54,-0.3667786695840505, ,
55,-0.3468697605977695, ,
56,0.17128785578677252, ,
57,0.09640533683068497, ,
58,0.27302478922172213, ,
59,0.1853493672975901, ,
60,-0.43748912522482897, ,
61,0.3004762652764157, ,
62,0.6078984542567696, ,
63,0.052424269388438915, ,
64,0.21723093880711986, ,
65,-0.6882774934186955, ,
66,-0.44639668739625904, ,
67,-0.002004437945288373, ,
68,0.6200573583939786, ,
69,0.6922241765928447, ,
70,-0.5848315841124077, ,
71,0.3310986431143874, ,
72,0.34986396049532686, ,
73,-0.061004448671724276, ,
74,0.029721002713699818, ,
75,-0.1726755977257426, ,
76,-0.6912162016543562, ,
77,-0.6035099137255884, ,
78,0.6338846754615588, ,
79,0.43877438900267407, ,
80,0.16287354335202053, ,
81,-0.5224553732865616, ,
82,-0.5234817924166464, ,
83,0.03916866917029438, ,
84,0.5627542599452227, ,
85,0.6790080221943526, ,
86,0.015504237721302161, ,
87,0.13884688802806977, ,
88,-0.18041541491027147, ,
89,-0.07031138858837949, ,
90,0.4547864923845282, ,
91,0.3588458144345168, ,
92,-0.7873588821355497, ,
93,-0.5878246904050002, ,
94,-0.2181327005064304, ,
95,-0.16542111084550015, ,
96,0.6904505170958828, ,
97,-0.14572940710570492, ,
98,-0.3955041555159369, ,
99,0.07402279880250262, ,
100,0.5171896530417825, ,
101,0.5911345751161434, ,
102,-0.058121438340776876, ,
103,0.04542980089752291, ,
104,-0.22536090349569804, ,
105,-0.1312113173206626, ,
106,-0.1815846105334913, ,
107,0.4919986823608724, ,
108,-0.24680579460687113, ,
109,-0.6188604042332599, ,
110,0.011730716538863817, ,
111,0.36198991426897464, ,
112,0.5841801771188102, ,
113,-0.7653811837089961, ,
114,-0.3915337585829093, ,
115,-0.18852724464227322, ,
116,-0.04866320384769551, ,
117,0.701014125754682, ,
118,0.5268939207541052, ,
119,-0.5606295895007634, ,
120,-0.45206974257041566, ,
121,-0.09126965058749192, ,
122,-0.0980685739658611, ,
123,0.107849003773822, ,
124,0.03661049010042916, ,
125,-0.49056486853305614, ,
126,-0.4085341314520292, ,
127,0.16293725756906952, ,
128,0.7071707213440277, ,
129,0.7725572138846246, ,
130,-0.5119090733851408, ,
131,-0.28308823858958476, ,
132,0.5614541728032236, ,
133,0.44561096173970327, ,
134,0.04118436728379038, ,
135,0.007867348175295774, ,
136,-0.1392210954066968, ,
137,-0.12763312769050117, ,
138,-0.1323363982310184, ,
139,0.5056677666131009, ,
140,0.3934303180817551, ,
141,-0.7680231002004803, ,
142,-0.5264630279028779, ,
143,-0.23027210499753892, ,
144,-0.10803994949981188, ,
145,0.6603218765053498, ,
146,0.5230629415917747, ,
147,-0.5923673642182621, ,
148,0.19630834812994635, ,
149,0.34564326854058436, ,
150,-0.1389932625417032, ,
151,0.6607196008391156, ,
152,-0.3683662122663236, ,
153,-0.5899562054876242, ,
154,-0.12836844062405817, ,
155,-0.2724840591536122, ,
156,0.024848230744964894, ,
157,-0.07858525698009089, ,
158,-0.5511247729525621, ,
159,-0.45547534569129766, ,
160,0.13227741533137305, ,
161,0.7046210224764309, ,
162,0.7598624678543047, ,
163,0.12887789540559424, ,
164,-0.4519689559881499, ,
165,0.047081915665785345, ,
166,0.4608046927248779, ,
167,0.4631334970314356, ,
168,0.5588108743404518, ,
169,-0.8723022953535065, ,
170,-0.5593464914214792, ,
171,-0.30228768150345786, ,
172,-0.19952650277161865, ,
173,0.020353334546030055, ,
174,-0.6510888571415308, ,
175,-0.3313268018771396, ,
176,0.08982529701711428, ,
177,0.17687958352132682, ,
178,0.9024839045681574, ,
179,0.09442365206177783, ,
180,-0.3203129788487331, ,
181,0.19715489674968012, ,
182,-0.12037784931078477, ,
183,0.17752726258822804, ,
184,-0.03154828719175384, ,
185,0.11071959990192681, ,
186,-0.6236482600062345, ,
187,0.20891566704221987, ,
188,0.544766574462642, ,
189,-0.01716556064297947, ,
190,0.232624356645033, ,
191,-0.7368218960210697, ,
192,-0.398498486565245, ,
193,-0.037911053560719665, ,
194,0.6705599752177704, ,
195,0.6638857308728348, ,
196,-0.5451990658673367, ,
197,-0.31545583229330987, ,
198,-0.08580882157173164, ,
199,0.6194417752861909, ,
200,0.5573697351786677, ,
201,0.01476194019085142, ,
202,-0.5619671737968019, ,
203,-0.03190718451696739, ,
204,0.4325498269002992, ,
205,-0.20393860179308376, ,
206,0.11417511018669302, ,
207,-2.0711056408804325, ,
208,-1.3997049482761668, ,
209,0.09707932537526176, ,
210,0.10663390860736399, ,
211,0.7686771593461117, ,
212,0.4765842670450411, ,
213,0.6754850336383242, ,
214,0.36502594219462026, ,
215,0.37218040174093403, ,
216,0.7936416290460784, ,
217,-0.03975031698632847, ,
218,-0.49372175976418475, ,
219,0.010696934470729502, ,
220,-0.22778976394261008, ,
221,0.6663453092320424, ,
222,0.40132226338914734, ,
223,-0.6602362963992618, ,
224,-0.4937702586634032, ,
225,-0.18542556038687508, ,
226,0.5465976141847477, ,
227,0.4983133133926003, ,
228,-0.6113376729098263, ,
229,-0.42958323375762575, ,
230,-0.09333562062329293, ,
231,-0.06659175247864368, ,
232,0.11949694412419376, ,
233,0.058422468750904955, ,
234,-0.4800293490243348, ,
235,-0.39915974013615596, ,
236,0.7936677945738211, ,
237,0.5451420399314202, ,
238,0.2423870315045633, ,
239,0.12960160301997803, ,
240,-0.036883674477508066, ,
241,-0.04422566045718668, ,
242,1.7610530289717872, ,
243,1.9363522112201963, ,
244,-0.46964700865510167, ,
245,-1.360186951471519, ,
246,-0.6721639523415206, ,
247,-0.22536091220354137, ,
248,-0.6032959204742383, ,
249,-0.857713737048357, ,
250,-0.8057391111267407, ,
251,0.5689774238289829, ,
252,-0.23157464135931605, ,
253,0.31520232055333963, ,
254,0.03828669605320556, ,

 ************, GATI FFT  : ,************ , , Removed 
0,56843.003879105476
1,1811.7729498268832
2,1692.7394692391124
3,1242.3353491365526
4,849.309671728982
5,641.0651040295786
6,420.67232859175056
7,327.511235428008
8,293.2561089688663
9,318.46545231134235
10,300.7196178605152
11,267.14415556425314
12,257.2526777525659
13,232.7832388869362
14,196.9170568211556
15,180.92099197495827
16,158.45405742267354
17,149.7254282716207
18,176.76608690172648
19,157.84457961319598
20,139.63305715437843
21,115.70472136392222
22,104.57914673872317
23,93.58002764196402
24,100.70852179834628
25,115.56767307100813
26,123.84089760279545
27,126.69997159210165
28,127.12607598826104
29,138.0639754242878
30,127.80006898432428
31,129.22014098768688
32,116.12240950618478
33,89.69981744736084
34,70.44476833785423
35,80.70760011316682
36,88.994130492803
37,101.04616827186112
38,101.04970654922666
39,88.68644408253422
40,73.98648126195367
41,70.69616416347496
42,72.06275353402408
43,86.80008835172603
44,90.22922885783169
45,92.45422853783151
46,83.09064297480927
47,75.62503839523062
48,70.63285354564121
49,54.07117067607998
50,53.78265841712359
51,59.64355309454298
52,40.71061075469878
53,105.31534111244557
54,69.27968339258076
55,60.67687986192504
56,46.193884227210305
57,47.22073525596022
58,46.26280709764574
59,49.75161793508957
60,46.321975164530706
61,40.59047548261033
62,40.77485482961576
63,42.42633060662084
64,42.93157751110168
65,37.284682998248236
66,36.08553051266367
67,35.591350776850504
68,30.339020590545985
69,34.8130907560602
70,27.010337821483578
71,40.33746114783374
72,30.14962686336267
73,33.356626103126004
74,27.16794893798164
75,20.24924208693322
76,19.120646225225418
77,16.754060818692462
78,28.319839974450538
79,28.754333655229225
80,23.546173314213377
81,15.733967028009992
82,19.549967365605912
83,21.142776542765912
84,17.364237563013045
85,14.09591752704635
86,3.5236133641232845
87,7.548011004651034
88,5.5602811834723616
89,3.895890109787704
90,15.035833211659181
91,7.787111781115964
92,9.629350976160676
93,14.381660041504569
94,12.369642956735825
95,7.789204129525151
96,7.000000000000011
97,7.88727958202721
98,2.8529319638068014
99,13.578553439245166
100,14.39793112973767
101,18.04895050708235
102,9.887225217508135
103,5.440916618797508
104,18.475352108714738
105,11.99149423651435
106,17.197847387682927
107,12.003984038636696
108,23.791694723788655
109,23.53734322089237
110,17.25508573700552
111,10.669111965952029
112,11.352947130551094
113,14.475964449259209
114,25.5738664315453
115,27.72782607014934
116,23.370976721284677
117,25.866455314876877
118,22.65120558574869
119,8.045732503136193
120,20.875670939924447
121,28.16235792164242
122,28.090279235478526
123,24.433762229840625
124,26.97234502062348
125,23.79902447615334
126,31.176909887065726
127,19.855341575280722
128,16.41540931217354
129,22.88763537080867
130,26.200216700068122
131,31.201404751852937
132,22.041271738408238
133,23.438498654745615
134,19.276884871202434
135,22.93657857936588
136,20.897962592984637
137,22.15315140526961
138,20.902994105427855
139,34.64527420679893
140,30.597288123906683
141,22.630341186256686
142,26.401116726347897
143,21.62550897227193
144,0.0
145,0.0
146,0.0
147,0.0
148,0.0
149,0.0
150,0.0
151,0.0
152,0.0
153,0.0
154,0.0
155,0.0
156,0.0
157,0.0
158,0.0
159,0.0
160,0.0
161,0.0
162,0.0
163,0.0
164,0.0
165,0.0
166,0.0
167,0.0
168,0.0
169,0.0
170,0.0
171,0.0
172,0.0
173,0.0
174,0.0
175,0.0
176,0.0
177,0.0
178,0.0
179,0.0
180,0.0
181,0.0
182,0.0
183,0.0
184,0.0
185,0.0
186,0.0
187,0.0
188,0.0
189,0.0
190,0.0
191,0.0
192,0.0
193,0.0
194,0.0
195,0.0
196,0.0
197,0.0
198,0.0
199,0.0
200,0.0
201,0.0
202,0.0
203,0.0
204,0.0
205,0.0
206,0.0
207,0.0
208,0.0
209,0.0
210,0.0
211,0.0
212,0.0
213,0.0
214,0.0
215,0.0
216,0.0
217,0.0
218,0.0
219,0.0
220,0.0
221,0.0
222,0.0
223,0.0
224,0.0
225,0.0
226,0.0
227,0.0
228,0.0
229,0.0
230,0.0
231,0.0
232,0.0
233,0.0
234,0.0
235,0.0
236,0.0
237,0.0
238,0.0
239,0.0
240,0.0
241,0.0
242,0.0
243,0.0
244,0.0
245,0.0
246,0.0
247,0.0
248,0.0
249,0.0
250,0.0
251,0.0
252,0.0
253,0.0
254,0.0
255,0.0
256,0.0
257,0.0
258,0.0
259,0.0
260,0.0
261,0.0
262,0.0
263,0.0
264,0.0
265,0.0
266,0.0
267,0.0
268,0.0
269,0.0
270,0.0
271,0.0
272,0.0
273,0.0
274,0.0
275,0.0
276,0.0
277,0.0
278,0.0
279,0.0
280,0.0
281,0.0
282,0.0
283,0.0
284,0.0
285,0.0
286,0.0
287,0.0
