**** , USER DATA ,****,
, Device Info, 
-------------------------------------
Model :SM-A505F
Device: a50
Manufacturer: samsung
Board: exynos9610
Brand: samsung
SDK or OS  : 30
versionRelease: 11
VERSION_CODE: 5
VERSION_NAME: 1.0
-------------------------------------

 Unique file Id,50743, 
 Front Face,true, 
 Sampling Rate  : 8,

Id provided by Hospital or Entered manually or Randomly generated, 
20220111_134931-SM-A505F-30, 

 ************, User Manual Data : ,************ ,  

Gender,Female,
height,160,
weight,70,
Age,29,
BPsystolic(Manual),140,
BPdiastolic(Manual),80,
heartrate(Manual),70,
Medication,0,
Place ,,

 ************ , Advance Settings ,************ , 

 ************, 
 {hsvMin=60.0, hsvMax=340.0, saturationMin=0.4, saturationMax=1.0, brightnessMin=0.0, brightnessMax=1.0} ,************ ,  

 
  ************, Calculated : ,************

BMI,27,
BMR,1627,
BPsystolic,96,
BPdiastolic,78,
Heartrate,135,
Respirationrate,12,
Rythm,Pitta/Kapha(Reg),
Kathinya,360,
Kapha,0.00  %,
Vata,66.67  %,
Pitta,33.33  %,
Tala Result,0.010471967599598245,
Variance Of Heart Rate,0.23298015723458682,
BSA,1.7318886979699173,
ET,252.57,
SV,19.27080339798465,
PP,13.073815059691082,
MPP,83.25,

 ************, KPV2 ,************
K2 , 41.56  %P2 , 32.42  %V2 , 26.02  %
PPG,


Colors Code , RED , GREEN , BLUE , H, S, V , GOOD SIGNAL HSV AVG ( per sec)  , <.1
0,123.0,0.0,0.0,15.624999,0.82051283,0.91764706,235.75,0.0
1,158.0,13.0,0.0,15.624999,0.82051283,0.91764706,230.75,0.0
2,224.0,59.0,22.0,15.39267,0.8162393,0.91764706,230.875,0.0
3,230.0,65.0,28.0,15.312501,0.82051283,0.91764706,231.0,0.0
4,230.0,65.0,28.0,15.312501,0.82051283,0.91764706,231.5,0.0
5,231.0,66.0,28.0,15.312501,0.82051283,0.91764706,232.0,0.0
6,230.0,66.0,29.0,15.312501,0.82051283,0.91764706,232.375,0.0
7,230.0,65.0,28.0,15.312501,0.82051283,0.91764706,232.5,0.0
8,230.0,66.0,28.0,15.312501,0.82051283,0.91764706,232.875,0.0
9,230.0,66.0,29.0,15.312501,0.82051283,0.91764706,232.875,0.0
10,231.0,67.0,29.0,15.312501,0.82051283,0.91764706,233.0,0.0
11,231.0,68.0,29.0,15.312501,0.82051283,0.91764706,233.0,0.0
12,231.0,67.0,29.0,15.312501,0.82051283,0.91764706,233.0,0.0
13,230.0,67.0,29.0,15.312501,0.82051283,0.91764706,233.125,0.0
14,231.0,67.0,29.0,15.312501,0.82051283,0.91764706,233.0,0.0
15,231.0,67.0,29.0,15.312501,0.82051283,0.91764706,233.0,0.0
16,231.0,68.0,29.0,15.312501,0.82051283,0.91764706,233.0,0.0
17,231.0,68.0,29.0,15.312501,0.82051283,0.91764706,233.0
18,231.0,68.0,29.0,15.312501,0.82051283,0.91764706,233.0
19,230.0,67.0,29.0,15.312501,0.82051283,0.91764706,233.0
20,231.0,68.0,29.0,15.312501,0.82051283,0.91764706,233.0
21,231.0,68.0,29.0,15.312501,0.82051283,0.91764706,233.0
22,231.0,69.0,29.0,15.312501,0.82051283,0.91764706,233.375
23,231.0,69.0,30.0,15.312501,0.82051283,0.91764706,234.0
24,231.0,68.0,29.0,15.312501,0.82051283,0.91764706,234.0
25,231.0,68.0,29.0,15.312501,0.82051283,0.91764706,234.0
26,231.0,69.0,30.0,15.312501,0.82051283,0.91764706,234.0
27,231.0,69.0,30.0,15.312501,0.82051283,0.91764706,234.0
28,231.0,70.0,30.0,15.312501,0.82051283,0.91764706,234.0
29,231.0,70.0,30.0,15.312501,0.82051283,0.91764706,234.125
30,231.0,69.0,29.0,15.312501,0.82051283,0.91764706,234.625
31,231.0,70.0,30.0,15.312501,0.82051283,0.91764706,234.125
32,231.0,70.0,30.0,15.312501,0.82051283,0.91764706,234.0
33,232.0,71.0,30.0,15.078533,0.8162393,0.91764706,234.0
34,232.0,71.0,30.0,234.0
35,231.0,71.0,30.0,204.75
36,231.0,70.0,30.0
37,231.0,71.0,30.0
38,231.0,71.0,30.0
39,232.0,72.0,30.0
40,232.0,72.0,31.0
41,232.0,72.0,30.0
42,232.0,72.0,31.0
43,232.0,73.0,31.0
44,232.0,73.0,31.0
45,232.0,74.0,31.0
46,232.0,74.0,31.0
47,232.0,73.0,31.0
48,232.0,74.0,32.0
49,232.0,74.0,31.0
50,233.0,75.0,32.0
51,233.0,75.0,32.0
52,232.0,75.0,32.0
53,232.0,74.0,32.0
54,232.0,75.0,32.0
55,232.0,75.0,32.0
56,233.0,76.0,32.0
57,233.0,76.0,32.0
58,232.0,75.0,32.0
59,232.0,75.0,33.0
60,232.0,76.0,32.0
61,233.0,76.0,33.0
62,233.0,77.0,33.0
63,233.0,77.0,33.0
64,232.0,77.0,33.0
65,232.0,77.0,33.0
66,233.0,77.0,33.0
67,233.0,78.0,33.0
68,233.0,78.0,34.0
69,233.0,78.0,34.0
70,233.0,78.0,33.0
71,233.0,78.0,34.0
72,233.0,78.0,34.0
73,233.0,78.0,34.0
74,233.0,79.0,34.0
75,233.0,79.0,34.0
76,233.0,79.0,34.0
77,232.0,78.0,34.0
78,233.0,79.0,34.0
79,233.0,79.0,34.0
80,233.0,79.0,35.0
81,233.0,80.0,35.0
82,233.0,80.0,35.0
83,233.0,80.0,34.0
84,233.0,80.0,35.0
85,233.0,80.0,35.0
86,233.0,80.0,35.0
87,233.0,81.0,35.0
88,233.0,81.0,35.0
89,233.0,81.0,35.0
90,233.0,81.0,35.0
91,233.0,81.0,35.0
92,233.0,81.0,35.0
93,233.0,81.0,35.0
94,233.0,82.0,35.0
95,233.0,81.0,35.0
96,233.0,81.0,35.0
97,233.0,81.0,35.0
98,233.0,81.0,35.0
99,233.0,82.0,36.0
100,233.0,82.0,35.0
101,233.0,82.0,35.0
102,233.0,82.0,35.0
103,233.0,82.0,35.0
104,233.0,83.0,35.0
105,233.0,83.0,36.0
106,234.0,83.0,36.0
107,233.0,83.0,36.0
108,233.0,83.0,36.0
109,233.0,83.0,36.0
110,233.0,83.0,36.0
111,233.0,83.0,36.0
112,233.0,83.0,37.0
113,233.0,83.0,36.0
114,233.0,83.0,36.0
115,233.0,83.0,36.0
116,233.0,83.0,36.0
117,233.0,84.0,37.0
118,233.0,84.0,36.0
119,233.0,83.0,36.0
120,233.0,83.0,37.0
121,233.0,83.0,37.0
122,233.0,84.0,37.0
123,233.0,84.0,37.0
124,233.0,84.0,37.0
125,233.0,84.0,36.0
126,233.0,84.0,37.0
127,233.0,84.0,37.0
128,233.0,84.0,37.0
129,233.0,85.0,37.0
130,233.0,84.0,37.0
131,233.0,84.0,37.0
132,233.0,84.0,37.0
133,233.0,84.0,37.0
134,233.0,85.0,37.0
135,233.0,85.0,37.0
136,233.0,85.0,37.0
137,233.0,84.0,37.0
138,233.0,84.0,37.0
139,233.0,84.0,37.0
140,233.0,85.0,37.0
141,233.0,85.0,38.0
142,233.0,85.0,37.0
143,233.0,85.0,37.0
144,233.0,85.0,37.0
145,233.0,85.0,37.0
146,233.0,85.0,38.0
147,233.0,86.0,38.0
148,233.0,86.0,38.0
149,233.0,85.0,38.0
150,233.0,85.0,38.0
151,233.0,85.0,38.0
152,233.0,86.0,38.0
153,233.0,86.0,38.0
154,233.0,86.0,39.0
155,233.0,86.0,38.0
156,233.0,85.0,38.0
157,233.0,86.0,38.0
158,233.0,86.0,38.0
159,233.0,86.0,39.0
160,233.0,86.0,39.0
161,233.0,86.0,38.0
162,233.0,86.0,38.0
163,233.0,86.0,39.0
164,233.0,86.0,39.0
165,233.0,87.0,39.0
166,233.0,87.0,39.0
167,233.0,87.0,39.0
168,233.0,87.0,39.0
169,233.0,87.0,39.0
170,233.0,87.0,39.0
171,233.0,87.0,39.0
172,233.0,88.0,39.0
173,233.0,88.0,39.0
174,233.0,87.0,39.0
175,233.0,87.0,39.0
176,233.0,88.0,39.0
177,234.0,88.0,39.0
178,234.0,88.0,39.0
179,233.0,88.0,39.0
180,233.0,88.0,40.0
181,233.0,88.0,39.0
182,233.0,88.0,40.0
183,233.0,88.0,40.0
184,234.0,88.0,40.0
185,234.0,88.0,40.0
186,234.0,88.0,40.0
187,234.0,89.0,40.0
188,234.0,89.0,40.0
189,234.0,89.0,40.0
190,234.0,89.0,40.0
191,234.0,89.0,40.0
192,234.0,89.0,40.0
193,234.0,89.0,40.0
194,234.0,89.0,40.0
195,234.0,89.0,40.0
196,234.0,90.0,41.0
197,234.0,90.0,40.0
198,234.0,90.0,40.0
199,234.0,89.0,40.0
200,234.0,90.0,41.0
201,234.0,90.0,40.0
202,234.0,90.0,41.0
203,234.0,90.0,41.0
204,234.0,90.0,40.0
205,234.0,90.0,40.0
206,234.0,90.0,41.0
207,234.0,90.0,41.0
208,234.0,90.0,41.0
209,234.0,90.0,41.0
210,234.0,90.0,41.0
211,234.0,90.0,40.0
212,234.0,90.0,41.0
213,234.0,91.0,41.0
214,234.0,91.0,41.0
215,234.0,91.0,41.0
216,234.0,91.0,41.0
217,234.0,91.0,41.0
218,234.0,91.0,41.0
219,234.0,91.0,41.0
220,234.0,91.0,41.0
221,234.0,91.0,41.0
222,234.0,91.0,41.0
223,234.0,91.0,41.0
224,234.0,91.0,41.0
225,234.0,91.0,41.0
226,234.0,91.0,41.0
227,234.0,91.0,41.0
228,234.0,91.0,41.0
229,234.0,91.0,41.0
230,234.0,91.0,41.0
231,234.0,92.0,41.0
232,234.0,92.0,41.0
233,234.0,92.0,41.0
234,234.0,92.0,41.0
235,234.0,92.0,42.0
236,234.0,92.0,42.0
237,234.0,92.0,42.0
238,235.0,92.0,42.0
239,234.0,92.0,42.0
240,234.0,92.0,42.0
241,234.0,92.0,42.0
242,235.0,92.0,42.0
243,235.0,92.0,42.0
244,235.0,92.0,42.0
245,234.0,92.0,42.0
246,234.0,92.0,42.0
247,235.0,92.0,42.0
248,235.0,92.0,42.0
249,235.0,93.0,42.0
250,234.0,92.0,42.0
251,234.0,92.0,42.0
252,234.0,92.0,42.0
253,234.0,92.0,42.0
254,234.0,92.0,42.0
255,234.0,92.0,42.0
256,234.0,92.0,43.0
257,234.0,91.0,42.0
258,234.0,91.0,42.0
259,234.0,91.0,42.0
260,234.0,91.0,42.0
261,234.0,91.0,42.0
262,234.0,91.0,42.0
263,234.0,91.0,42.0
264,234.0,91.0,42.0
265,234.0,91.0,42.0
266,234.0,91.0,42.0
267,234.0,91.0,42.0
268,234.0,91.0,42.0
269,234.0,91.0,42.0
270,234.0,91.0,42.0
271,234.0,91.0,42.0
272,234.0,91.0,42.0
273,234.0,91.0,42.0
274,234.0,91.0,42.0
275,234.0,91.0,42.0
276,234.0,91.0,42.0
277,234.0,91.0,42.0
278,234.0,91.0,42.0
279,234.0,91.0,42.0
280,234.0,91.0,42.0
281,234.0,91.0,42.0
282,234.0,91.0,42.0
283,234.0,91.0,42.0
284,234.0,91.0,42.0
285,234.0,91.0,42.0
286,234.0,91.0,42.0
287,234.0,91.0,43.0

 ************, After Bandpass: ,************
central frequency  ,2.25 
Width frequency  , 3.16 

 ************, PPG Signal : ,************ , , Removed 
0,0.7293281720615141, ,,-123.0
1,0.18656761702891345, ,,-158.0
2,-0.78921317898903, ,,-224.0
3,-0.5468830768525095, ,,-230.0
4,-0.35494317281109034, ,,-230.0
5,-0.017688868344521325, ,,-231.0
6,0.5089199938804541, ,,-230.0
7,0.6566944843884812, ,,-230.0
8,-0.10847368860913775, ,,-230.0
9,0.16472224871267827, ,,143.62296445621135
10,-0.3015255774846537, ,,106.79729919793334
11,-0.013258057584152994, ,,-16.051802879528708
12,-0.2637160744147877, ,,-11.942360340849405
13,-0.03796244963677964, ,,-62.53039719781566
14,-0.156340458271643, ,,-40.237129616358175
15,-0.018806268583603014, ,,-50.390424498226594
16,-0.06279239826608318, ,,-31.173244570145243
17,0.6213905635643187, ,,-25.734362487450653
18,0.45483770116288724, ,,-15.548631109810458
19,-0.69602755768301, ,,-7.212109738765321
20,-0.4960556485111738, ,,-4.886966800729624
21,-0.20078498062525796, ,,3.5136859997910506
22,-0.10070588867461083, ,,-0.6905941300860832
23,0.664486421999527, ,,5.750656517770494
24,0.5205338610378476, ,,0.0063833665769834624
25,-0.5982108594726014, ,,4.744779612194634
26,-0.431863125650807, ,,-0.43622221401278694
27,-0.12318025547710931, ,,2.954974657703815
28,0.5555866963466087, ,,-0.8132213242006401
29,0.5441481552265941, ,,1.4817634957491919
30,-0.007984055366705434, ,,-0.8226342754956022
31,-0.5612999873387707, ,,0.5697491595039992
32,-0.6570007603522754, ,,-0.5794467049922787
33,0.599429057209818, ,
34,0.33677889397222316, ,
35,0.09613116063746929, ,
36,0.027488712330523413, ,
37,-0.10999028976584668, ,
38,-0.06610772391013597, ,
39,-0.13681684321409193, ,
40,-0.05640784860497661, ,
41,-0.09526270337937603, ,
42,-0.022221868387532595, ,
43,-0.047907089572163386, ,
44,-0.6222412231843464, ,
45,0.14626070483313924, ,
46,0.5445590559040738, ,
47,-0.021808398745861268, ,
48,0.22737732709992997, ,
49,-0.09126175906112621, ,
50,0.051623603877942514, ,
51,-0.08259569455867677, ,
52,-0.020974697371912043, ,
53,-0.04279776445719108, ,
54,-0.03933782772332961, ,
55,-0.005120495574828965, ,
56,-0.03664966360042854, ,
57,0.017390573054399283, ,
58,-0.028949091477215916, ,
59,0.02499472193562724, ,
60,-0.02165500067007997, ,
61,0.02308775169603905, ,
62,-0.01565119531687742, ,
63,0.01712206728484489, ,
64,-0.010680937562028703, ,
65,0.010694221685980665, ,
66,-0.006561871345638792, ,
67,0.005500937955048357, ,
68,-0.0033154478701362677, ,
69,0.001971342335536974, ,
70,-9.950093317456776E-4, ,
71,-9.079755136554013E-5, ,
72,4.4048817539987795E-4, ,
73,0.6233655270809777, ,
74,-0.16168456272339427, ,
75,-0.5348068813584632, ,
76,0.02150701279515488, ,
77,-0.2186301534886752, ,
78,0.09563676636571472, ,
79,-0.04721912038849041, ,
80,0.08707432930714276, ,
81,0.021492726978522114, ,
82,0.046159410259406286, ,
83,0.03768438618089931, ,
84,0.007451332105347319, ,
85,0.03435969937459049, ,
86,-0.015759991822278607, ,
87,0.026920642417053386, ,
88,-0.023837265217935055, ,
89,0.020219932481268188, ,
90,-0.02229444190106733, ,
91,0.014804365690906707, ,
92,-0.016633818747322948, ,
93,0.010280088848048763, ,
94,-0.010453802834490489, ,
95,0.006446144408073451, ,
96,-0.0054409686422332015, ,
97,0.003355321642175113, ,
98,-0.0020226287088007666, ,
99,0.0011025381695617398, ,
100,-1.2608578799699899E-5, ,
101,-3.180413482368749E-4, ,
102,9.687841377399309E-4, ,
103,-0.0010323611386411358, ,
104,0.00128949361942432, ,
105,-0.0012353898055152968, ,
106,0.0012354197467630001, ,
107,-0.0011286824055787292, ,
108,0.0010041428427030041, ,
109,-8.780132079664327E-4, ,
110,7.205586118743668E-4, ,
111,-5.970397851342568E-4, ,
112,4.5578947651847557E-4, ,
113,-3.499582569475024E-4, ,
114,2.4355924324481748E-4, ,
115,-1.6337853799086588E-4, ,
116,9.322181654169981E-5, ,
117,-3.998706915808725E-5, ,
118,-1.830073870223714E-7, ,
119,2.998050126734597E-5, ,
120,-4.848831486015115E-5, ,
121,6.0745976497855736E-5, ,
122,-6.531040276058775E-5, ,
123,6.625576997976168E-5, ,
124,-6.299493884398544E-5, ,
125,5.79045706672332E-5, ,
126,-5.117281716593425E-5, ,
127,4.385298029774276E-5, ,
128,-3.643921445473097E-5, ,
129,2.923907527474512E-5, ,
130,-2.269552578582079E-5, ,
131,1.6794404245956684E-5, ,
132,-1.1786229606514098E-5, ,
133,7.5593457040668E-6, ,
134,-4.180826636002166E-6, ,
135,1.5307177818613127E-6, ,
136,4.388791694509564E-7, ,
137,-1.8316809473617468E-6, ,
138,2.741998514466104E-6, ,
139,-3.2544496662012534E-6, ,
140,3.4644140214368235E-6, ,
141,-3.4384165701339953E-6, ,
142,3.2516529699933017E-6, ,
143,-2.9533384804381058E-6, ,
144,0.6244502651686616, ,
145,0.46161888808774165, ,
146,-0.6962433496198628, ,
147,-0.5132336848960222, ,
148,-0.19713329905039245, ,
149,-0.1228723859458114, ,
150,0.04828307364596185, ,
151,0.6644413011522374, ,
152,0.5700219971595288, ,
153,-0.004012871887198344, ,
154,0.03208477001362553, ,
155,-0.2236846085347679, ,
156,-0.13278247895368622, ,
157,-0.20196630897066825, ,
158,-0.12340066959495744, ,
159,-0.10911065271193365, ,
160,-0.07036251799672755, ,
161,-0.030597145054798602, ,
162,-0.028965471589117442, ,
163,0.011330142245697061, ,
164,-0.009131782753001971, ,
165,0.02406255320602213, ,
166,-0.003639876547822496, ,
167,0.021577075050572603, ,
168,-0.003758998891498777, ,
169,0.01439397560238831, ,
170,-0.004410519162775017, ,
171,0.00779373427462815, ,
172,-0.0039955307554464525, ,
173,0.003352282938294593, ,
174,-0.0027307161028602422, ,
175,8.821922183415154E-4, ,
176,-0.0012899642438242154, ,
177,-2.854181702787173E-4, ,
178,-1.565008492434572E-4, ,
179,-7.324321854866866E-4, ,
180,5.06358969005305E-4, ,
181,-8.22796102738721E-4, ,
182,7.557821934369713E-4, ,
183,-7.484566135644855E-4, ,
184,7.35009500203887E-4, ,
185,-6.045951872692967E-4, ,
186,5.832501690292702E-4, ,
187,-4.412403620790428E-4, ,
188,3.9833931509747345E-4, ,
189,-2.875830998618767E-4, ,
190,2.3377156594506232E-4, ,
191,-1.6039203887885378E-4, ,
192,1.1025618323401432E-4, ,
193,-6.675345480289252E-5, ,
194,2.9295399372131214E-5, ,
195,-6.191324700921541E-6, ,
196,-1.644421422497544E-5, ,
197,2.6656899535737466E-5, ,
198,-3.6815488783759065E-5, ,
199,3.928731530322693E-5, ,
200,-4.1007462868947187E-5, ,
201,3.9162511711765546E-5, ,
202,-3.6295765085014864E-5, ,
203,3.242681987103424E-5, ,
204,-2.7815477096737595E-5, ,
205,0.6244711038020796, ,
206,-0.16284538105219326, ,
207,-0.5334037700160934, ,
208,0.02017534164042445, ,
209,0.40713478475777265, ,
210,0.5560651395880996, ,
211,-0.117961199049887, ,
212,-0.5898994108224542, ,
213,-0.7083129833276871, ,
214,0.5673080296337503, ,
215,0.33073259471643723, ,
216,0.06974346717652224, ,
217,-0.5792223468292832, ,
218,-0.5925271729709038, ,
219,0.030258648232120322, ,
220,-0.10211662880669792, ,
221,0.23450700258126744, ,
222,0.06575588090618112, ,
223,0.21438680902429041, ,
224,0.07658567202588529, ,
225,0.12435242210585784, ,
226,0.04355245301940158, ,
227,0.044863147195655984, ,
228,0.016236983005228467, ,
229,-0.0010899933106429671, ,
230,0.00463370115789985, ,
231,-0.018645713786099805, ,
232,0.0033389099432952207, ,
233,-0.020115894606078655, ,
234,0.005322550608752863, ,
235,-0.015395352701034426, ,
236,0.006608183649859711, ,
237,-0.00988195407285275, ,
238,0.006199840143381152, ,
239,-0.005582721123346346, ,
240,0.004630120791489389, ,
241,-0.0027561827648696635, ,
242,0.002752288422698257, ,
243,-0.0010618416738452652, ,
244,0.001163228459063248, ,
245,-1.0883758523050346E-4, ,
246,9.790322337721591E-5, ,
247,3.8231876942518284E-4, ,
248,-4.6385121117964445E-4, ,
249,5.84902093578421E-4, ,
250,-6.565006310665922E-4, ,
251,6.084199076212826E-4, ,
252,-6.298515543221583E-4, ,
253,5.292804780765437E-4, ,
254,-5.022096338507254E-4, ,

 ************, GATI FFT  : ,************ , , Removed 
0,66925.0113634656
1,271.15797502520695
2,274.7836244585152
3,204.91920830875034
4,201.1356678749718
5,195.96162171365617
6,179.36328197309695
7,190.71234463573612
8,191.52306375859447
9,194.8830325757895
10,201.86788055579075
11,191.59735662514436
12,184.491427716334
13,183.4868414126213
14,184.53941543450094
15,189.75541387785924
16,189.54148425756392
17,185.1291621826969
18,185.35788004517448
19,184.52791173428508
20,178.76650291587367
21,179.99528929388856
22,182.7408743291529
23,181.2230067895882
24,182.51155842546052
25,179.42078144683833
26,179.23876303291766
27,180.23807902388097
28,171.98731862056036
29,174.89664267839782
30,180.329822343269
31,178.94069533729262
32,182.4512925501996
33,176.05110200369828
34,171.49685082232116
35,171.67916178716388
36,165.1316278958716
37,170.44602088992198
38,173.41657788948763
39,170.33849068497443
40,175.05132421092287
41,168.20711930706287
42,163.5553448148391
43,164.99935390147166
44,161.51475461932472
45,165.97846525322535
46,162.69059607682914
47,159.92817877834574
48,169.413694841946
49,164.72672023060912
50,154.62383767674518
51,145.49696139793076
52,142.0817344700463
53,155.13996348837156
54,157.69960339810152
55,150.31649733649104
56,144.47120263024414
57,136.7660337035294
58,141.53451983922312
59,147.2913408977083
60,144.86000245212904
61,142.52903544849744
62,136.73428661185736
63,137.57212109548766
64,139.94335858171746
65,135.9532086047735
66,137.2467889812814
67,137.25503105992237
68,133.5044731093316
69,128.9589455689073
70,124.38634122019722
71,128.50777109624318
72,130.09611831257686
73,126.11060918763873
74,124.88726772915122
75,122.49217510832506
76,122.02133042581768
77,120.4304362306591
78,117.32790851527471
79,116.8634411795914
80,112.46673545201983
81,110.81946534149914
82,112.66274468580623
83,111.22921307525824
84,110.31601737832325
85,106.67926759552785
86,103.37675514362046
87,102.29133392147891
88,100.95325227834125
89,105.07264298385294
90,105.95523651460798
91,100.19744167012627
92,97.67393594017004
93,97.57516002903475
94,99.79994911870543
95,96.64956906713962
96,88.8313007897554
97,87.98787022994576
98,87.42278048236166
99,87.53243314520867
100,88.68500347103905
101,85.16409547086415
102,81.97494905943198
103,76.88219576363858
104,75.42933105912118
105,79.99949469378674
106,78.92852195965014
107,77.94450790849042
108,76.71730879312308
109,72.11227131462859
110,71.53658189550866
111,69.58233572276293
112,68.5948916626088
113,67.87383833936376
114,61.97558551533681
115,63.621015724922216
116,65.6744078979404
117,60.63743603103219
118,58.14175969491571
119,55.753929784575675
120,56.969562409322684
121,58.952438332608125
122,54.48381960264577
123,55.436612346883564
124,55.18340000363707
125,49.60086392763595
126,50.18744114192009
127,49.688294009869765
128,49.65261559706925
129,52.32271036338148
130,49.2039972160748
131,47.863504785888225
132,46.009445753490176
133,43.570932993657784
134,50.294260721176165
135,51.924172155207835
136,46.91352066828648
137,46.47610734285912
138,44.499806297073846
139,44.2960695521519
140,44.99883373126969
141,41.851105914700184
142,43.54690514065906
143,42.84320767279327
144,0.0
145,0.0
146,0.0
147,0.0
148,0.0
149,0.0
150,0.0
151,0.0
152,0.0
153,0.0
154,0.0
155,0.0
156,0.0
157,0.0
158,0.0
159,0.0
160,0.0
161,0.0
162,0.0
163,0.0
164,0.0
165,0.0
166,0.0
167,0.0
168,0.0
169,0.0
170,0.0
171,0.0
172,0.0
173,0.0
174,0.0
175,0.0
176,0.0
177,0.0
178,0.0
179,0.0
180,0.0
181,0.0
182,0.0
183,0.0
184,0.0
185,0.0
186,0.0
187,0.0
188,0.0
189,0.0
190,0.0
191,0.0
192,0.0
193,0.0
194,0.0
195,0.0
196,0.0
197,0.0
198,0.0
199,0.0
200,0.0
201,0.0
202,0.0
203,0.0
204,0.0
205,0.0
206,0.0
207,0.0
208,0.0
209,0.0
210,0.0
211,0.0
212,0.0
213,0.0
214,0.0
215,0.0
216,0.0
217,0.0
218,0.0
219,0.0
220,0.0
221,0.0
222,0.0
223,0.0
224,0.0
225,0.0
226,0.0
227,0.0
228,0.0
229,0.0
230,0.0
231,0.0
232,0.0
233,0.0
234,0.0
235,0.0
236,0.0
237,0.0
238,0.0
239,0.0
240,0.0
241,0.0
242,0.0
243,0.0
244,0.0
245,0.0
246,0.0
247,0.0
248,0.0
249,0.0
250,0.0
251,0.0
252,0.0
253,0.0
254,0.0
255,0.0
256,0.0
257,0.0
258,0.0
259,0.0
260,0.0
261,0.0
262,0.0
263,0.0
264,0.0
265,0.0
266,0.0
267,0.0
268,0.0
269,0.0
270,0.0
271,0.0
272,0.0
273,0.0
274,0.0
275,0.0
276,0.0
277,0.0
278,0.0
279,0.0
280,0.0
281,0.0
282,0.0
283,0.0
284,0.0
285,0.0
286,0.0
287,0.0
