**** , USER DATA ,****,
, Device Info, 
-------------------------------------
Model :SM-A505F
Device: a50
Manufacturer: samsung
Board: exynos9610
Brand: samsung
SDK or OS  : 30
versionRelease: 11
VERSION_CODE: 5
VERSION_NAME: 1.0
-------------------------------------

 Unique file Id,23804, 
 Front Face,true, 
 Sampling Rate  : 8,

Id provided by Hospital or Entered manually or Randomly generated, 
20220111_112313-SM-A505F-07, 

 ************, User Manual Data : ,************ ,  

Gender,Male,
height,10,
weight,10,
Age,29,
BPsystolic(Manual),120,
BPdiastolic(Manual),90,
heartrate(Manual),10,
Medication,0,
Place ,,

 ************ , Advance Settings ,************ , 

 ************, 
 {hsvMin=60.0, hsvMax=340.0, saturationMin=0.4, saturationMax=1.0, brightnessMin=0.0, brightnessMax=1.0} ,************ ,  

 
  ************, Calculated : ,************

BMI,999,
BMR,55,
BPsystolic,31,
BPdiastolic,112,
Heartrate,130,
Respirationrate,12,
Rythm,Pitta/Kapha(Reg),
Kathinya,21,
Kapha,16.67  %,
Vata,50.00  %,
Pitta,33.33  %,
Tala Result,0.0050407531271028875,
Variance Of Heart Rate,0.609737082651463,
BSA,0.10147669720569867,
ET,252.57,
SV,-43.49784143288977,
PP,-60.92134654466355,
MPP,92.5,

 ************, KPV2 ,************
K2 , 47.91  %P2 , 21.38  %V2 , 30.71  %
PPG,


Colors Code , RED , GREEN , BLUE , H, S, V , GOOD SIGNAL HSV AVG ( per sec)  , <.1
0,151.0,15.0,3.0,14.851485,0.52061856,0.7607843,247.625,0.0
1,175.0,32.0,12.0,14.851485,0.52061856,0.7607843,245.75,0.0
2,191.0,46.0,19.0,14.851485,0.52061856,0.7607843,246.0,0.0
3,231.0,81.0,46.0,14.851485,0.52061856,0.7607843,246.125,0.0
4,244.0,95.0,59.0,14.851485,0.52061856,0.7607843,247.0,0.0
5,247.0,100.0,64.0,14.851485,0.52061856,0.7607843,246.375,0.0
6,248.0,102.0,64.0,14.851485,0.52061856,0.7607843,244.0,0.0
7,247.0,101.0,63.0,14.851485,0.52061856,0.7607843,244.0,0.0
8,247.0,101.0,64.0,14.851485,0.52061856,0.7607843,244.0,0.0
9,247.0,101.0,64.0,14.851485,0.52061856,0.7607843,244.0,0.0
10,246.0,101.0,63.0,14.851485,0.52061856,0.7607843,244.0,0.0
11,246.0,100.0,63.0,14.851485,0.52061856,0.7607843,241.0
12,245.0,100.0,63.0,14.851485,0.52061856,0.7607843,228.25
13,245.0,100.0,63.0,14.851485,0.52061856,0.7607843,220.75
14,245.0,101.0,63.0,14.851485,0.52061856,0.7607843,217.125
15,246.0,101.0,63.0,14.851485,0.52061856,0.7607843,215.75
16,246.0,102.0,64.0,14.851485,0.52061856,0.7607843,215.0
17,246.0,102.0,64.0,14.851485,0.52061856,0.7607843,211.25
18,246.0,102.0,64.0,14.851485,0.52061856,0.7607843,211.0
19,246.0,102.0,64.0,15.728155,0.53092784,0.7607843,211.0
20,246.0,103.0,64.0,15.882354,0.5284974,0.75686276,209.5
21,246.0,103.0,65.0,16.470589,0.5284974,0.75686276,201.75
22,246.0,103.0,65.0,16.470589,0.5284974,0.75686276,199.0
23,246.0,103.0,65.0,16.470589,0.5284974,0.75686276,196.875
24,246.0,103.0,65.0,16.470589,0.5284974,0.75686276,195.125
25,246.0,104.0,65.0,16.470589,0.5284974,0.75686276,195.0
26,246.0,104.0,66.0,16.039604,0.5233161,0.75686276,194.625
27,246.0,104.0,66.0,16.039604,0.5233161,0.75686276,194.0
28,246.0,104.0,66.0,16.2,0.5208333,0.7529412,194.0
29,246.0,104.0,66.0,16.2,0.5208333,0.7529412,194.0
30,246.0,105.0,66.0,16.2,0.5208333,0.7529412,194.0
31,247.0,105.0,66.0,16.633663,0.5260417,0.7529412,194.0
32,246.0,105.0,66.0,17.227722,0.5260417,0.7529412,194.0
33,247.0,105.0,67.0,194.0
34,247.0,105.0,67.0,193.25
35,247.0,105.0,67.0,168.25
36,247.0,105.0,67.0
37,247.0,106.0,67.0
38,247.0,106.0,67.0
39,247.0,106.0,67.0
40,247.0,106.0,67.0
41,247.0,106.0,67.0
42,247.0,106.0,68.0
43,247.0,106.0,68.0
44,247.0,106.0,68.0
45,247.0,107.0,68.0
46,247.0,107.0,68.0
47,245.0,105.0,66.0
48,244.0,104.0,65.0
49,244.0,104.0,65.0
50,244.0,104.0,65.0
51,244.0,104.0,65.0
52,244.0,104.0,65.0
53,244.0,104.0,65.0
54,244.0,104.0,66.0
55,244.0,104.0,66.0
56,244.0,105.0,66.0
57,244.0,105.0,66.0
58,244.0,105.0,66.0
59,244.0,105.0,66.0
60,244.0,105.0,66.0
61,244.0,105.0,66.0
62,244.0,105.0,66.0
63,244.0,105.0,66.0
64,244.0,105.0,66.0
65,244.0,105.0,67.0
66,244.0,106.0,67.0
67,244.0,106.0,67.0
68,244.0,106.0,67.0
69,244.0,106.0,67.0
70,244.0,106.0,67.0
71,244.0,106.0,67.0
72,244.0,106.0,67.0
73,244.0,106.0,67.0
74,244.0,106.0,67.0
75,244.0,106.0,67.0
76,244.0,106.0,67.0
77,244.0,106.0,67.0
78,244.0,106.0,67.0
79,244.0,107.0,68.0
80,244.0,107.0,68.0
81,244.0,107.0,68.0
82,244.0,107.0,68.0
83,244.0,107.0,68.0
84,244.0,107.0,68.0
85,244.0,107.0,68.0
86,244.0,107.0,68.0
87,244.0,107.0,68.0
88,244.0,107.0,68.0
89,244.0,107.0,68.0
90,244.0,108.0,68.0
91,244.0,108.0,69.0
92,243.0,108.0,69.0
93,241.0,108.0,69.0
94,239.0,109.0,69.0
95,237.0,110.0,71.0
96,236.0,111.0,69.0
97,234.0,112.0,71.0
98,232.0,115.0,75.0
99,230.0,117.0,77.0
100,228.0,119.0,79.0
101,227.0,120.0,82.0
102,226.0,121.0,84.0
103,225.0,122.0,85.0
104,224.0,122.0,85.0
105,223.0,122.0,86.0
106,222.0,122.0,86.0
107,222.0,122.0,86.0
108,221.0,122.0,86.0
109,220.0,122.0,86.0
110,220.0,123.0,87.0
111,219.0,123.0,87.0
112,219.0,123.0,87.0
113,218.0,123.0,87.0
114,218.0,123.0,88.0
115,217.0,123.0,88.0
116,217.0,123.0,88.0
117,217.0,123.0,88.0
118,217.0,123.0,89.0
119,217.0,123.0,88.0
120,216.0,123.0,89.0
121,216.0,124.0,89.0
122,216.0,124.0,89.0
123,216.0,124.0,89.0
124,216.0,124.0,89.0
125,216.0,124.0,89.0
126,216.0,124.0,89.0
127,215.0,124.0,89.0
128,215.0,124.0,89.0
129,215.0,124.0,89.0
130,215.0,124.0,89.0
131,215.0,124.0,89.0
132,215.0,124.0,89.0
133,215.0,124.0,89.0
134,215.0,124.0,90.0
135,215.0,124.0,90.0
136,215.0,124.0,90.0
137,212.0,122.0,88.0
138,212.0,122.0,87.0
139,211.0,122.0,87.0
140,211.0,122.0,87.0
141,211.0,122.0,87.0
142,211.0,122.0,87.0
143,211.0,122.0,87.0
144,211.0,122.0,88.0
145,211.0,122.0,88.0
146,211.0,122.0,88.0
147,211.0,122.0,88.0
148,211.0,122.0,88.0
149,211.0,122.0,88.0
150,211.0,122.0,88.0
151,211.0,122.0,88.0
152,211.0,122.0,88.0
153,211.0,122.0,88.0
154,211.0,122.0,88.0
155,211.0,122.0,88.0
156,211.0,122.0,88.0
157,211.0,122.0,88.0
158,211.0,122.0,88.0
159,211.0,122.0,88.0
160,211.0,122.0,87.0
161,211.0,122.0,87.0
162,212.0,122.0,86.0
163,211.0,121.0,85.0
164,210.0,120.0,85.0
165,210.0,119.0,83.0
166,209.0,118.0,81.0
167,207.0,116.0,75.0
168,206.0,115.0,74.0
169,204.0,114.0,74.0
170,203.0,113.0,74.0
171,202.0,113.0,75.0
172,202.0,113.0,76.0
173,201.0,113.0,78.0
174,201.0,113.0,79.0
175,201.0,114.0,80.0
176,200.0,114.0,82.0
177,200.0,114.0,82.0
178,200.0,114.0,83.0
179,199.0,115.0,84.0
180,199.0,115.0,85.0
181,199.0,115.0,85.0
182,199.0,115.0,86.0
183,198.0,115.0,86.0
184,198.0,116.0,87.0
185,198.0,116.0,87.0
186,197.0,116.0,88.0
187,197.0,116.0,88.0
188,197.0,116.0,89.0
189,197.0,116.0,89.0
190,197.0,116.0,89.0
191,196.0,116.0,89.0
192,196.0,116.0,90.0
193,196.0,116.0,90.0
194,195.0,116.0,90.0
195,195.0,116.0,90.0
196,195.0,116.0,90.0
197,195.0,116.0,90.0
198,195.0,116.0,90.0
199,195.0,116.0,90.0
200,195.0,116.0,90.0
201,195.0,116.0,90.0
202,195.0,116.0,91.0
203,195.0,116.0,91.0
204,195.0,116.0,91.0
205,195.0,116.0,91.0
206,195.0,116.0,91.0
207,195.0,116.0,91.0
208,195.0,116.0,91.0
209,195.0,116.0,91.0
210,195.0,116.0,91.0
211,195.0,116.0,91.0
212,195.0,116.0,91.0
213,195.0,116.0,91.0
214,194.0,116.0,91.0
215,194.0,117.0,91.0
216,194.0,117.0,91.0
217,194.0,117.0,92.0
218,194.0,117.0,92.0
219,194.0,117.0,92.0
220,194.0,117.0,92.0
221,194.0,117.0,92.0
222,194.0,117.0,92.0
223,194.0,117.0,92.0
224,194.0,117.0,92.0
225,194.0,117.0,92.0
226,194.0,117.0,92.0
227,194.0,117.0,92.0
228,194.0,117.0,92.0
229,194.0,117.0,93.0
230,194.0,117.0,92.0
231,194.0,117.0,93.0
232,194.0,117.0,93.0
233,194.0,117.0,93.0
234,194.0,117.0,93.0
235,194.0,117.0,93.0
236,194.0,117.0,93.0
237,194.0,117.0,93.0
238,194.0,117.0,93.0
239,194.0,117.0,93.0
240,194.0,117.0,93.0
241,194.0,117.0,93.0
242,194.0,117.0,93.0
243,194.0,117.0,93.0
244,194.0,117.0,93.0
245,194.0,117.0,93.0
246,194.0,117.0,93.0
247,194.0,117.0,93.0
248,194.0,117.0,93.0
249,194.0,117.0,93.0
250,194.0,117.0,93.0
251,194.0,117.0,93.0
252,194.0,118.0,93.0
253,194.0,118.0,93.0
254,194.0,118.0,93.0
255,194.0,118.0,93.0
256,194.0,118.0,93.0
257,194.0,118.0,93.0
258,194.0,118.0,93.0
259,194.0,118.0,93.0
260,194.0,118.0,93.0
261,194.0,118.0,93.0
262,194.0,118.0,93.0
263,194.0,118.0,93.0
264,194.0,118.0,93.0
265,194.0,118.0,93.0
266,194.0,118.0,93.0
267,194.0,118.0,93.0
268,194.0,118.0,93.0
269,194.0,118.0,93.0
270,194.0,118.0,93.0
271,194.0,118.0,93.0
272,194.0,118.0,93.0
273,194.0,118.0,93.0
274,194.0,118.0,91.0
275,193.0,118.0,91.0
276,193.0,119.0,91.0
277,193.0,119.0,91.0
278,193.0,119.0,91.0
279,193.0,119.0,91.0
280,193.0,119.0,91.0
281,193.0,119.0,92.0
282,193.0,119.0,92.0
283,192.0,119.0,92.0
284,192.0,119.0,92.0
285,192.0,119.0,92.0
286,192.0,119.0,91.0
287,192.0,120.0,91.0

 ************, After Bandpass: ,************
central frequency  ,2.25 
Width frequency  , 3.16 

 ************, PPG Signal : ,************ , , Removed 
0,0.265915451646606, ,,-151.0
1,0.1421253152425379, ,,-175.0
2,-0.34822049372542097, ,,-191.0
3,-0.026696140857893624, ,,-231.0
4,-0.4605801854913807, ,,-244.0
5,0.0035880100654139824, ,,-247.0
6,-0.36211129686125787, ,,-248.0
7,0.06710357067322548, ,,-247.0
8,-0.2253856942065795, ,,-247.0
9,0.09686014136423182, ,,154.23857487254003
10,-0.1189525026636602, ,,113.39596244591644
11,0.08846136659576587, ,,-18.19560249081502
12,-0.05340070480929171, ,,-13.300602449024836
13,0.060198927525561885, ,,-66.83619073650425
14,-1.2671092942800897, ,,-42.75650102979637
15,-1.51786646461278, ,,-53.6498585241543
16,-0.3188691647014821, ,,-32.26751491028722
17,0.18193600080508077, ,,-27.48824798465421
18,0.5966653434318232, ,,-16.194615303421415
19,0.6116112289307694, ,,-7.120259975266663
20,0.626130307658741, ,,-5.333528113077364
21,0.47807098160728856, ,,3.1149862846202723
22,0.36974112000439163, ,,-0.8042518457571077
23,0.23382031002074655, ,,5.898253813996007
24,0.13334948256647294, ,,-0.014209192729595088
25,0.061764300112827186, ,,5.0565305710122175
26,0.0026494200519664446, ,,-0.48140310817098
27,-0.014465668109551189, ,,3.2425453956243473
28,-0.040487545894848154, ,,-0.9005103965159833
29,-0.029208509203726862, ,,1.6871360391062353
30,-0.03837877396881595, ,,-0.9263450377843583
31,-0.01942387999542916, ,,1.321001956543114
32,-0.02294160766314235, ,,-0.8340001397377819
33,-0.006884618456524549, ,
34,-0.009520234563296981, ,
35,6.614504884510097E-4, ,
36,-0.001988454732554601, ,
37,0.0030901103996257007, ,
38,8.743439063891856E-4, ,
39,0.002660820385926854, ,
40,0.0013145853217793046, ,
41,0.0013827400568970916, ,
42,9.51786835457824E-4, ,
43,3.094373923886451E-4, ,
44,5.50791192381439E-4, ,
45,-2.7045019442084595E-4, ,
46,3.159608847909112E-4, ,
47,-4.462799843167886E-4, ,
48,2.1467401711561251E-4, ,
49,-4.014304497559351E-4, ,
50,1.7070709805011575E-4, ,
51,-2.813022363170603E-4, ,
52,1.36098765551651E-4, ,
53,-1.645188353904814E-4, ,
54,9.661273588790209E-5, ,
55,-7.897759724073694E-5, ,
56,5.6013600442383904E-5, ,
57,-2.5938230919564376E-5, ,
58,2.1786683191749034E-5, ,
59,-0.6244450130243422, ,
60,-1.7105181408992394, ,
61,-2.1003244975415782, ,
62,-1.9769456557532976, ,
63,-1.0319214174617173, ,
64,-0.7513709422482862, ,
65,-0.8896210189375324, ,
66,-0.5143317054953513, ,
67,-0.4848833099870262, ,
68,0.4129382505261674, ,
69,0.9236733938159887, ,
70,0.9880264623768653, ,
71,0.9669804380330334, ,
72,0.733207340843137, ,
73,0.5754230029112932, ,
74,0.9617111665361335, ,
75,0.6780628249230176, ,
76,-0.00242506537688314, ,
77,0.5911269926855311, ,
78,0.14898446795359632, ,
79,0.33000541022420293, ,
80,0.12904979453901433, ,
81,0.10185686700765473, ,
82,0.08354090605030251, ,
83,-0.03075819730133844, ,
84,0.6807247765573265, ,
85,0.38110320164241784, ,
86,0.5984895266701642, ,
87,-0.29591295542741136, ,
88,-0.13679552971370867, ,
89,0.24477537176790065, ,
90,0.14979142059928563, ,
91,0.3293320959983248, ,
92,0.15182429368360317, ,
93,0.23217614592340396, ,
94,-0.5507219279538731, ,
95,-0.34703403370258457, ,
96,0.08240375009245327, ,
97,0.08724899767162242, ,
98,0.252311119890237, ,
99,0.17289220045199727, ,
100,0.20218745457987097, ,
101,0.12199493610069112, ,
102,0.10203444554281305, ,
103,0.054857533679751214, ,
104,-1.8465443219231474, ,
105,-1.3717039353919063, ,
106,-0.41896563278942267, ,
107,-0.3092768557812633, ,
108,0.8591601319578785, ,
109,0.5713438269244762, ,
110,0.9145962108218555, ,
111,0.5774134532514381, ,
112,0.5473296096729428, ,
113,0.3366415255557058, ,
114,0.19291435021546022, ,
115,0.13387531139233033, ,
116,-0.01283751299774849, ,
117,0.03204591932490075, ,
118,-0.0863179882926488, ,
119,0.0029629185655721813, ,
120,-0.08582608251981583, ,
121,0.0050831005662530515, ,
122,-0.0594379541453236, ,
123,0.012028296774815317, ,
124,-0.03281056715604791, ,
125,0.014123750105454747, ,
126,-0.014460076681189094, ,
127,0.011264844583593003, ,
128,-0.0042724853217350756, ,
129,0.630809400074213, ,
130,-0.1623534404932343, ,
131,-1.1559731558793374, ,
132,-0.43915304878328243, ,
133,-0.7709974111796782, ,
134,-1.5617447512386207, ,
135,-1.2554820062500767, ,
136,-1.252125597570739, ,
137,-0.8633979556275335, ,
138,0.0036357930684971507, ,
139,0.7002066430140985, ,
140,0.8625003656422905, ,
141,0.8713960805894203, ,
142,1.3888327474162452, ,
143,0.37840713943660376, ,
144,0.5117680744949666, ,
145,0.6802432148051594, ,
146,-0.14050481031813433, ,
147,0.042139016251212524, ,
148,0.32137159493549916, ,
149,0.3044378611034517, ,
150,-0.2981026092643333, ,
151,-0.20613297203613, ,
152,0.2574597759289645, ,
153,-0.4366563547160922, ,
154,-0.13394436976057023, ,
155,0.29356715148162493, ,
156,0.26219420254074066, ,
157,0.4085029489201588, ,
158,-0.3688270938732785, ,
159,-0.18028218961023867, ,
160,0.2073162591232176, ,
161,-0.4432650146944752, ,
162,-0.15596548815858569, ,
163,0.2774238673223408, ,
164,0.26189211948474167, ,
165,0.391799553060423, ,
166,0.2668923413131097, ,
167,0.26675106968184537, ,
168,0.15007684715396863, ,
169,0.1176771126024505, ,
170,0.04973805568408807, ,
171,0.02201626503699572, ,
172,-7.94348630620334E-4, ,
173,-0.018073766111911027, ,
174,-0.013809330352842153, ,
175,-0.024653637351775615, ,
176,-0.009778805793985157, ,
177,-0.018128398057342565, ,
178,-0.0025877886440639486, ,
179,-0.010004459301853785, ,
180,0.002042309302623835, ,
181,-0.6288313264778935, ,
182,-0.4581605483201656, ,
183,0.0703102852679649, ,
184,0.054524096401337374, ,
185,0.26861587801522546, ,
186,0.17620195150470863, ,
187,0.22071234353325053, ,
188,0.1351451759290967, ,
189,0.11242607118822434, ,
190,0.06669140451424482, ,
191,0.02878181647213296, ,
192,0.021140082808301486, ,
193,-0.0128894187031392, ,
194,0.0023909554284955448, ,
195,-0.023976977065558458, ,
196,-6.95569483809777E-4, ,
197,-0.02034884693478034, ,
198,0.0014384201757593473, ,
199,-0.012891821214225274, ,
200,0.0033428207842689517, ,
201,-0.006592133391336574, ,
202,0.003584896452025532, ,
203,-0.0026406897251263217, ,
204,0.0026335343789014587, ,
205,-6.021047228159659E-4, ,
206,0.001338995406513277, ,
207,2.844123362137907E-4, ,
208,2.7340495364569506E-4, ,
209,5.945916270775342E-4, ,
210,-3.638921718902566E-4, ,
211,6.48076702873368E-4, ,
212,-6.15377787653415E-4, ,
213,5.909338925675911E-4, ,
214,-6.147587140503674E-4, ,
215,4.8525292709200585E-4, ,
216,-4.923026679080067E-4, ,
217,3.620652279323622E-4, ,
218,-3.3802159157403366E-4, ,
219,2.4193828664920147E-4, ,
220,-1.9998589561964764E-4, ,
221,1.391504933963006E-4, ,
222,-9.628327563859784E-5, ,
223,6.132093653832271E-5, ,
224,-2.8099241148993315E-5, ,
225,9.687208944342274E-6, ,
226,1.08061626633571E-5, ,
227,-1.916312362482131E-5, ,
228,2.8628832296817563E-5, ,
229,-3.096877401276288E-5, ,
230,3.29227073052607E-5, ,
231,-3.179291843480314E-5, ,
232,2.965046485314815E-5, ,
233,-2.6772117053042166E-5, ,
234,2.3042484599500312E-5, ,
235,-1.9608484763011802E-5, ,
236,1.580105720222491E-5, ,
237,-1.2582922295223398E-5, ,
238,9.425690450370894E-6, ,
239,-6.836447369096277E-6, ,
240,4.555160103336675E-6, ,
241,-2.727880314523645E-6, ,
242,-0.6244463962004829, ,
243,-0.4616212510178457, ,
244,0.07179686330914592, ,
245,0.05161233187482139, ,
246,0.2689303961568612, ,
247,0.17448439449208308, ,
248,0.22064768517918765, ,
249,0.13449038335147634, ,
250,-0.5122005212908789, ,
251,-0.39491568055450443, ,
252,0.10034904275312329, ,
253,0.07306898818410446, ,
254,0.25578344507675865, ,

 ************, GATI FFT  : ,************ , , Removed 
0,62251.009839198596
1,3911.548455734721
2,1332.1336545965532
3,511.5713634544843
4,865.4499184959719
5,567.1046606307102
6,344.3204501983738
7,376.3570578671822
8,437.4528761972524
9,237.79265078057318
10,336.32007018616156
11,302.5944301322891
12,225.87728670737678
13,238.37659748902513
14,228.39265728685032
15,207.70699901642075
16,203.07214132168212
17,222.52394957496097
18,196.41728933522572
19,161.32269690129007
20,204.63410467570046
21,165.25441559471844
22,179.9835465319708
23,172.6741022200332
24,170.7573177343001
25,158.85194623125872
26,138.44199489037527
27,159.30257720962103
28,135.70125244653934
29,153.65429885738376
30,130.99914625300883
31,141.3456175135036
32,116.08512441201393
33,120.74332691634801
34,118.45592292685463
35,113.21130155695363
36,118.19247267657546
37,110.96539263161299
38,103.85681607457973
39,100.55134371465549
40,107.3432092779362
41,98.13284818434988
42,102.03620658716908
43,103.04362338599147
44,95.53342339766373
45,85.8929510592299
46,95.05812678496082
47,87.08284470973274
48,89.60468737739116
49,83.65675842203575
50,85.31546622389594
51,71.86756832195555
52,74.33169861140955
53,74.17460009822285
54,65.90153381295626
55,73.06818460984293
56,64.02472354918433
57,56.47639217138543
58,59.18048864934941
59,56.80646817256775
60,52.6875393735698
61,56.49882600279934
62,53.17441058690037
63,50.207370267202315
64,43.312101333575896
65,49.36538059966146
66,42.26015340939527
67,45.3003994878351
68,41.08654543690129
69,37.65569597063558
70,34.960492775888824
71,35.31765220444064
72,33.60059523282288
73,30.19375073723687
74,35.56521310752733
75,23.115314105673807
76,23.627179575240113
77,25.053536125755016
78,20.902722939565095
79,22.92173589978053
80,24.745785311711074
81,17.732598784924992
82,22.308190106098944
83,18.0623159097456
84,17.17076251326343
85,20.45030079838933
86,19.951916597909143
87,15.224313811565452
88,20.273816460373656
89,13.753055469850413
90,22.884716087858305
91,16.362578919477603
92,16.067983125509386
93,20.018127612796203
94,9.31190417455161
95,19.621339002463078
96,16.09347693943108
97,18.486924144104
98,21.924728336311837
99,17.93259743602535
100,17.69478018781808
101,21.026239223424763
102,19.652078877362563
103,21.82723339187767
104,21.920631841591955
105,25.02699304702598
106,23.69605742646207
107,28.0555279645952
108,25.77866176893131
109,31.351582939464922
110,27.21096106709889
111,30.363863251457982
112,25.85249559198225
113,32.14614046289553
114,32.50220764361649
115,32.60123406415731
116,37.47914995584081
117,33.932206642185115
118,36.17957115393222
119,32.856153817024065
120,35.12745991652798
121,32.86467613581953
122,38.62948887158109
123,31.978187302259876
124,38.93425521523692
125,37.11432642114781
126,36.40777473123186
127,37.51867902862609
128,38.09600724901873
129,34.24287785492174
130,37.190830022598696
131,32.6996888926657
132,37.69137115023993
133,38.27669835170575
134,38.061472207881515
135,40.19387142627925
136,38.77769421860396
137,37.54622575120309
138,37.49428893962194
139,35.60088344664459
140,38.52868269202172
141,40.08988330808513
142,35.74027989461678
143,44.70871200690808
144,0.0
145,0.0
146,0.0
147,0.0
148,0.0
149,0.0
150,0.0
151,0.0
152,0.0
153,0.0
154,0.0
155,0.0
156,0.0
157,0.0
158,0.0
159,0.0
160,0.0
161,0.0
162,0.0
163,0.0
164,0.0
165,0.0
166,0.0
167,0.0
168,0.0
169,0.0
170,0.0
171,0.0
172,0.0
173,0.0
174,0.0
175,0.0
176,0.0
177,0.0
178,0.0
179,0.0
180,0.0
181,0.0
182,0.0
183,0.0
184,0.0
185,0.0
186,0.0
187,0.0
188,0.0
189,0.0
190,0.0
191,0.0
192,0.0
193,0.0
194,0.0
195,0.0
196,0.0
197,0.0
198,0.0
199,0.0
200,0.0
201,0.0
202,0.0
203,0.0
204,0.0
205,0.0
206,0.0
207,0.0
208,0.0
209,0.0
210,0.0
211,0.0
212,0.0
213,0.0
214,0.0
215,0.0
216,0.0
217,0.0
218,0.0
219,0.0
220,0.0
221,0.0
222,0.0
223,0.0
224,0.0
225,0.0
226,0.0
227,0.0
228,0.0
229,0.0
230,0.0
231,0.0
232,0.0
233,0.0
234,0.0
235,0.0
236,0.0
237,0.0
238,0.0
239,0.0
240,0.0
241,0.0
242,0.0
243,0.0
244,0.0
245,0.0
246,0.0
247,0.0
248,0.0
249,0.0
250,0.0
251,0.0
252,0.0
253,0.0
254,0.0
255,0.0
256,0.0
257,0.0
258,0.0
259,0.0
260,0.0
261,0.0
262,0.0
263,0.0
264,0.0
265,0.0
266,0.0
267,0.0
268,0.0
269,0.0
270,0.0
271,0.0
272,0.0
273,0.0
274,0.0
275,0.0
276,0.0
277,0.0
278,0.0
279,0.0
280,0.0
281,0.0
282,0.0
283,0.0
284,0.0
285,0.0
286,0.0
287,0.0
