**** , USER DATA ,****,
, Device Info, 
-------------------------------------
Model :SM-A505F
Device: a50
Manufacturer: samsung
Board: exynos9610
Brand: samsung
SDK or OS  : 30
versionRelease: 11
VERSION_CODE: 5
VERSION_NAME: 1.0
-------------------------------------

 Unique file Id,88825, 
 Front Face,true, 
 Sampling Rate  : 9,

Id provided by Hospital or Entered manually or Randomly generated, 
20220111_134931-SM-A505F-30, 

 ************, User Manual Data : ,************ ,  

Gender,Male,
height,160,
weight,70,
Age,29,
BPsystolic(Manual),191,
BPdiastolic(Manual),91,
heartrate(Manual),70,
Medication,0,
Place ,,

 ************ , Advance Settings ,************ , 

 ************, 
 {hsvMin=60.0, hsvMax=340.0, saturationMin=0.4, saturationMax=1.0, brightnessMin=0.0, brightnessMax=1.0} ,************ ,  

 
  ************, Calculated : ,************

BMI,27,
BMR,1627,
BPsystolic,121,
BPdiastolic,82,
Heartrate,88,
Respirationrate,9,
Rythm,Pitta/Kapha(Reg),
Kathinya,234,
Kapha,50.00  %,
Vata,16.67  %,
Pitta,33.33  %,
Tala Result,0.001980165846096511,
Variance Of Heart Rate,0.2068405016273303,
BSA,1.7318886979699173,
ET,252.57,
SV,48.41080339798465,
PP,29.128040552337335,
MPP,92.5,

 ************, KPV2 ,************
K2 , 38.60  %P2 , 29.75  %V2 , 31.66  %
PPG,


Colors Code , RED , GREEN , BLUE , H, S, V , GOOD SIGNAL HSV AVG ( per sec)  , <.1
0,157.0,201.0,206.0,22.78481,0.8494624,0.7294118,122.55555555555556,0.0
1,146.0,190.0,198.0,22.78481,0.8494624,0.7294118,85.33333333333333,0.0
2,136.0,177.0,186.0,22.307693,0.852459,0.7176471,135.33333333333334,0.0
3,123.0,157.0,166.0,21.923077,0.852459,0.7176471,187.11111111111111
4,110.0,137.0,145.0,22.165606,0.8532609,0.72156864,192.88888888888889
5,101.0,121.0,127.0,22.405064,0.85405403,0.7254902,192.0
6,93.0,107.0,113.0,22.54777,0.84864867,0.7254902,189.0
7,86.0,94.0,99.0,22.54777,0.8532609,0.72156864,189.22222222222223
8,79.0,82.0,86.0,21.923077,0.852459,0.7176471,188.33333333333334
9,72.0,68.0,71.0,21.923077,0.852459,0.7176471,188.11111111111111
10,70.0,59.0,62.0,22.165606,0.8532609,0.72156864,187.22222222222223
11,74.0,59.0,62.0,22.405064,0.85405403,0.7254902,187.33333333333334
12,77.0,59.0,60.0,22.405064,0.8494624,0.7294118,186.77777777777777
13,81.0,57.0,56.0,22.54777,0.8532609,0.72156864,186.55555555555554
14,85.0,57.0,54.0,21.923077,0.852459,0.7176471,186.55555555555554
15,92.0,61.0,57.0,21.923077,0.852459,0.7176471,186.66666666666666
16,96.0,61.0,57.0,22.165606,0.8532609,0.72156864,186.44444444444446
17,96.0,56.0,50.0,22.54777,0.84864867,0.7254902,186.44444444444446
18,97.0,53.0,47.0,22.405064,0.8494624,0.7294118,185.88888888888889
19,92.0,43.0,35.0,22.307693,0.852459,0.7176471,185.88888888888889
20,93.0,33.0,23.0,22.165606,0.8579235,0.7176471,185.66666666666666
21,97.0,27.0,14.0,22.307693,0.852459,0.7176471,185.44444444444446
22,102.0,27.0,12.0,22.54777,0.8532609,0.72156864,185.33333333333334
23,117.0,33.0,11.0,22.78481,0.85405403,0.7254902,185.22222222222223
24,169.0,75.0,36.0,22.54777,0.84864867,0.7254902,185.33333333333334
25,178.0,85.0,42.0,22.064516,0.85164833,0.7137255,185.22222222222223
26,184.0,91.0,46.0,21.67742,0.85164833,0.7137255,185.33333333333334
27,186.0,94.0,45.0,21.923077,0.852459,0.7176471,185.66666666666666
28,186.0,95.0,44.0,22.165606,0.8532609,0.72156864,185.11111111111111
29,183.0,94.0,38.0,22.405064,0.85405403,0.7254902,185.77777777777777
30,182.0,92.0,32.0,22.54777,0.8532609,0.72156864,183.77777777777777
31,182.0,91.0,29.0,21.923077,0.85714287,0.7137255,184.33333333333334
32,184.0,91.0,28.0,22.165606,0.8579235,0.7176471,183.44444444444446
33,189.0,94.0,30.0,81.55555555555556
34,193.0,97.0,33.0
35,192.0,97.0,33.0
36,193.0,97.0,33.0
37,193.0,97.0,33.0
38,193.0,98.0,34.0
39,194.0,98.0,34.0
40,194.0,99.0,34.0
41,193.0,98.0,33.0
42,192.0,96.0,32.0
43,192.0,96.0,33.0
44,192.0,97.0,33.0
45,193.0,98.0,33.0
46,194.0,99.0,33.0
47,194.0,98.0,33.0
48,191.0,95.0,32.0
49,191.0,95.0,32.0
50,191.0,95.0,32.0
51,192.0,96.0,32.0
52,192.0,97.0,32.0
53,193.0,97.0,33.0
54,190.0,94.0,31.0
55,189.0,93.0,31.0
56,189.0,93.0,31.0
57,189.0,93.0,32.0
58,190.0,94.0,32.0
59,190.0,94.0,32.0
60,189.0,93.0,31.0
61,188.0,91.0,31.0
62,188.0,91.0,31.0
63,189.0,92.0,31.0
64,189.0,93.0,31.0
65,190.0,94.0,31.0
66,190.0,93.0,31.0
67,188.0,91.0,30.0
68,188.0,91.0,30.0
69,189.0,92.0,31.0
70,189.0,92.0,31.0
71,190.0,93.0,31.0
72,190.0,93.0,31.0
73,188.0,91.0,30.0
74,188.0,90.0,30.0
75,188.0,91.0,30.0
76,189.0,92.0,31.0
77,190.0,93.0,31.0
78,190.0,93.0,31.0
79,188.0,91.0,30.0
80,187.0,90.0,30.0
81,187.0,91.0,30.0
82,188.0,91.0,30.0
83,189.0,92.0,31.0
84,189.0,93.0,31.0
85,188.0,91.0,30.0
86,187.0,90.0,29.0
87,187.0,90.0,30.0
88,188.0,91.0,30.0
89,188.0,92.0,30.0
90,189.0,92.0,30.0
91,188.0,91.0,30.0
92,186.0,89.0,29.0
93,186.0,89.0,29.0
94,187.0,90.0,29.0
95,188.0,91.0,30.0
96,189.0,92.0,30.0
97,189.0,92.0,30.0
98,186.0,89.0,29.0
99,186.0,89.0,29.0
100,187.0,89.0,29.0
101,187.0,90.0,30.0
102,188.0,91.0,30.0
103,188.0,91.0,30.0
104,187.0,89.0,29.0
105,186.0,89.0,28.0
106,187.0,89.0,29.0
107,188.0,90.0,29.0
108,188.0,91.0,30.0
109,188.0,92.0,30.0
110,186.0,89.0,29.0
111,186.0,88.0,29.0
112,186.0,89.0,29.0
113,187.0,89.0,29.0
114,188.0,90.0,30.0
115,188.0,91.0,30.0
116,187.0,89.0,29.0
117,185.0,88.0,28.0
118,186.0,88.0,29.0
119,187.0,89.0,29.0
120,187.0,90.0,29.0
121,188.0,91.0,30.0
122,187.0,90.0,29.0
123,185.0,88.0,28.0
124,186.0,88.0,29.0
125,186.0,89.0,29.0
126,187.0,89.0,29.0
127,188.0,90.0,30.0
128,187.0,90.0,29.0
129,185.0,88.0,28.0
130,186.0,88.0,29.0
131,186.0,89.0,29.0
132,187.0,90.0,29.0
133,188.0,91.0,29.0
134,187.0,90.0,29.0
135,185.0,88.0,28.0
136,186.0,88.0,28.0
137,186.0,89.0,29.0
138,187.0,90.0,29.0
139,188.0,91.0,29.0
140,188.0,91.0,29.0
141,186.0,88.0,28.0
142,186.0,88.0,28.0
143,186.0,88.0,28.0
144,187.0,89.0,29.0
145,188.0,90.0,29.0
146,187.0,90.0,29.0
147,185.0,87.0,28.0
148,185.0,87.0,28.0
149,186.0,88.0,28.0
150,187.0,89.0,29.0
151,188.0,90.0,29.0
152,187.0,89.0,29.0
153,185.0,87.0,28.0
154,186.0,87.0,28.0
155,186.0,88.0,28.0
156,187.0,89.0,29.0
157,188.0,90.0,29.0
158,187.0,89.0,28.0
159,185.0,87.0,28.0
160,186.0,87.0,28.0
161,186.0,88.0,28.0
162,187.0,89.0,28.0
163,188.0,90.0,29.0
164,186.0,89.0,28.0
165,184.0,86.0,27.0
166,185.0,86.0,27.0
167,186.0,87.0,28.0
168,187.0,88.0,28.0
169,187.0,89.0,28.0
170,186.0,88.0,28.0
171,184.0,86.0,27.0
172,185.0,86.0,27.0
173,186.0,87.0,27.0
174,187.0,88.0,28.0
175,187.0,89.0,28.0
176,186.0,88.0,27.0
177,184.0,86.0,27.0
178,185.0,86.0,27.0
179,186.0,87.0,27.0
180,187.0,88.0,28.0
181,187.0,89.0,28.0
182,186.0,87.0,27.0
183,185.0,86.0,27.0
184,185.0,86.0,27.0
185,186.0,87.0,27.0
186,186.0,88.0,28.0
187,187.0,89.0,28.0
188,185.0,87.0,27.0
189,184.0,85.0,27.0
190,185.0,86.0,27.0
191,186.0,87.0,28.0
192,186.0,88.0,28.0
193,187.0,89.0,28.0
194,185.0,87.0,27.0
195,184.0,85.0,27.0
196,185.0,86.0,27.0
197,185.0,87.0,28.0
198,186.0,88.0,28.0
199,187.0,88.0,28.0
200,185.0,86.0,27.0
201,184.0,85.0,27.0
202,185.0,86.0,27.0
203,185.0,87.0,28.0
204,186.0,88.0,28.0
205,187.0,88.0,28.0
206,185.0,87.0,27.0
207,184.0,85.0,27.0
208,184.0,86.0,27.0
209,185.0,86.0,28.0
210,186.0,88.0,28.0
211,187.0,88.0,28.0
212,185.0,87.0,27.0
213,184.0,85.0,27.0
214,185.0,86.0,27.0
215,185.0,87.0,28.0
216,186.0,88.0,28.0
217,187.0,89.0,28.0
218,185.0,87.0,27.0
219,184.0,85.0,27.0
220,185.0,86.0,27.0
221,185.0,87.0,27.0
222,186.0,88.0,28.0
223,187.0,88.0,28.0
224,185.0,86.0,27.0
225,184.0,85.0,27.0
226,185.0,86.0,27.0
227,185.0,87.0,28.0
228,186.0,88.0,28.0
229,187.0,89.0,29.0
230,185.0,86.0,27.0
231,184.0,85.0,27.0
232,184.0,86.0,27.0
233,185.0,87.0,27.0
234,186.0,88.0,28.0
235,186.0,88.0,28.0
236,185.0,86.0,27.0
237,184.0,85.0,27.0
238,185.0,86.0,27.0
239,186.0,87.0,28.0
240,187.0,88.0,28.0
241,187.0,88.0,28.0
242,184.0,86.0,27.0
243,184.0,85.0,27.0
244,185.0,86.0,27.0
245,186.0,87.0,28.0
246,187.0,89.0,28.0
247,187.0,88.0,28.0
248,184.0,86.0,27.0
249,185.0,85.0,27.0
250,185.0,86.0,27.0
251,186.0,87.0,28.0
252,186.0,88.0,28.0
253,185.0,87.0,28.0
254,184.0,85.0,27.0
255,185.0,85.0,27.0
256,185.0,86.0,28.0
257,186.0,88.0,28.0
258,187.0,89.0,28.0
259,185.0,87.0,28.0
260,184.0,85.0,27.0
261,185.0,86.0,27.0
262,186.0,87.0,28.0
263,187.0,88.0,28.0
264,187.0,89.0,28.0
265,185.0,86.0,27.0
266,184.0,85.0,27.0
267,185.0,86.0,27.0
268,186.0,87.0,28.0
269,186.0,88.0,28.0
270,186.0,88.0,28.0
271,183.0,85.0,27.0
272,183.0,84.0,27.0
273,184.0,85.0,27.0
274,185.0,86.0,27.0
275,185.0,87.0,28.0
276,184.0,86.0,27.0
277,183.0,84.0,27.0
278,183.0,84.0,27.0
279,184.0,85.0,27.0
280,185.0,86.0,27.0
281,186.0,87.0,28.0
282,184.0,86.0,27.0
283,183.0,84.0,27.0
284,183.0,84.0,27.0
285,184.0,85.0,27.0
286,185.0,87.0,28.0
287,186.0,87.0,28.0
288,183.0,85.0,27.0
289,183.0,84.0,26.0
290,183.0,85.0,27.0
291,184.0,86.0,27.0
292,185.0,87.0,27.0
293,185.0,87.0,28.0
294,182.0,84.0,27.0
295,182.0,83.0,27.0
296,183.0,84.0,27.0
297,184.0,85.0,27.0
298,185.0,86.0,27.0
299,184.0,86.0,27.0
300,182.0,83.0,26.0
301,183.0,84.0,26.0

 ************, After Bandpass: ,************
central frequency  ,2.25 
Width frequency  , 3.16 

 ************, PPG Signal : ,************ , , Removed 
0,-0.46012787129825483, ,,-157.0
1,-1.1741172079919124, ,,-146.0
2,-0.35468356996557304, ,,-136.0
3,-6.426358709177293E-4, ,,-123.0
4,-1.1012271097947632, ,,-110.0
5,-1.4618102205495234, ,,-101.0
6,-1.0778850571798557, ,,-93.0
7,-0.28299137368298943, ,,-86.0
8,0.5152848867385273, ,,-79.0
9,1.3824433796796711, ,,-72.0
10,1.03229718621742, ,,35.54141292596367
11,-1.2076918507409573, ,,46.45730968358285
12,-1.7727413584402711, ,,5.764394085253258
13,-0.23070774113421066, ,,0.10813111301771983
14,0.4364085760616945, ,,-6.919866442016598
15,0.8526066268157138, ,,-12.615710172792888
16,1.0304518422544788, ,,-8.30687389786101
17,-0.5934073379819438, ,,-14.650084422786222
18,-2.0845429650444203, ,,-12.423244305544358
19,-0.7268079349005347, ,,-14.13151860807875
20,0.05800551986703795, ,,-12.316620749105482
21,0.745219862052636, ,,-4.361970111025357
22,1.3393326209770748, ,,0.45196096237248184
23,0.06454876688576405, ,,8.914330414456117
24,-0.5690611587892818, ,,35.57302414522405
25,-0.3551937859510872, ,,37.44462848935723
26,0.6454693617185967, ,,8.624266485944304
27,0.9215905097084942, ,,-1.1457553457647691
28,0.8761243219357766, ,,-11.871698663292364
29,0.9674217761041746, ,,-20.036186918263297
30,-0.852656413353543, ,,-19.10623115925455
31,-1.3144371445371235, ,,-17.68682194377925
32,0.28668981497639834, ,,-11.331969552634291
33,0.3980897376070516, ,,-5.480934453012651
34,0.5992234760253723, ,,-0.16695670825242814
35,0.7915380360429936, ,,-0.7750557182075681
36,-0.9799464789557533, ,,-1.5463476555530633
37,-1.320331390666297, ,
38,-0.23277305326382702, ,
39,0.3174906580516108, ,
40,1.2477169826804584, ,
41,0.9176343219012324, ,
42,-0.8332529481035635, ,
43,-1.7035396129126639, ,
44,-0.9117385251438463, ,
45,0.3329392321688829, ,
46,1.235670702272273, ,
47,1.0594840710150493, ,
48,-0.11313062171029742, ,
49,-0.9152035755496399, ,
50,-0.6954060584253057, ,
51,0.3901010116569523, ,
52,0.6707564074786205, ,
53,0.7348289979063338, ,
54,0.34394796390029114, ,
55,-1.5395977193727504, ,
56,-1.3621865565144162, ,
57,0.3420619282485404, ,
58,1.0843547921708705, ,
59,1.5098466140429991, ,
60,1.026946764638069, ,
61,-1.3106628877762887, ,
62,-1.9639786850052587, ,
63,0.11873321842949736, ,
64,0.38888314251039446, ,
65,0.6262158413910583, ,
66,0.976860886182294, ,
67,-0.3595318627967572, ,
68,-1.027540859588271, ,
69,-0.2261783287012804, ,
70,0.9654714345770117, ,
71,0.7242728936485037, ,
72,0.167179232529179, ,
73,-0.9268744030980542, ,
74,-1.4194945496356013, ,
75,-0.2268636385638274, ,
76,0.41526660943827665, ,
77,1.2660635018160065, ,
78,1.0211090736943333, ,
79,-0.29185355080835507, ,
80,-1.5197097435723208, ,
81,-0.9847091334579545, ,
82,0.9066625082309656, ,
83,0.6613833047404114, ,
84,0.7826749726868911, ,
85,0.4069372704034322, ,
86,-1.630110647416359, ,
87,-0.830174886799341, ,
88,0.3927329396474306, ,
89,0.45927925293881344, ,
90,1.393543571496366, ,
91,0.3899898796710204, ,
92,-1.543305145755994, ,
93,-0.7908873366375246, ,
94,0.2993671813751462, ,
95,0.46586959901560476, ,
96,1.3010567823250767, ,
97,0.36481706931408553, ,
98,-1.5922529074107388, ,
99,-0.8195937742475508, ,
100,0.2826371096471121, ,
101,0.4495265994921738, ,
102,1.2993032397987463, ,
103,0.8686732022217711, ,
104,-0.9545751697153264, ,
105,-1.3005441742438961, ,
106,-0.4046076559284302, ,
107,0.26684941879420876, ,
108,1.1008961222823928, ,
109,0.3376775267984158, ,
110,-1.544653769782144, ,
111,-1.2724044612541547, ,
112,0.26053504295373386, ,
113,1.1319338085495474, ,
114,1.4594331932069053, ,
115,0.5203434097434183, ,
116,-1.4539792577711523, ,
117,-0.8601332930616081, ,
118,0.3242273115752141, ,
119,0.3816467506449044, ,
120,1.2766417602074398, ,
121,0.3147524822043124, ,
122,-1.6260419375817037, ,
123,-0.8407164379564165, ,
124,0.2612966160054384, ,
125,0.4438116887772594, ,
126,1.29233787387966, ,
127,-0.14605118610188583, ,
128,-2.2227387409684525, ,
129,-0.8387565452428589, ,
130,0.8533157693873363, ,
131,1.2523652647464587, ,
132,1.0781395224928474, ,
133,-0.13790263058467644, ,
134,-1.5589908706281221, ,
135,-0.879924540005959, ,
136,0.8818979186794422, ,
137,1.1993519716952505, ,
138,0.9053702513501776, ,
139,-0.20996664890526517, ,
140,-1.709704022471442, ,
141,-0.9488462237973181, ,
142,0.8042711139412404, ,
143,1.155324277611271, ,
144,0.8815287828429064, ,
145,-0.22614796758125522, ,
146,-1.2003997449787676, ,
147,-0.8203437895140269, ,
148,0.20269905285954337, ,
149,0.5749370213343354, ,
150,0.656568644727713, ,
151,-0.21170757865638734, ,
152,-1.6806121306267414, ,
153,-0.25330565198100885, ,
154,1.067931437587049, ,
155,0.7165480368662429, ,
156,0.9287830428211237, ,
157,-0.23124735157716714, ,
158,-1.728777629833985, ,
159,-0.329937632376641, ,
160,0.43168751197435995, ,
161,0.5085087674603983, ,
162,1.44075515706254, ,
163,-0.20871486653436477, ,
164,-1.6710008867953547, ,
165,-0.2631239137065222, ,
166,0.3493651943540499, ,
167,0.5284718593245543, ,
168,1.3665571751662355, ,
169,-0.22749916261159342, ,
170,-1.7084909164123019, ,
171,-0.7964358843553327, ,
172,0.2096277775699491, ,
173,1.123519131033845, ,
174,1.4450533509734669, ,
175,-0.12574474025836935, ,
176,-1.6117408165755478, ,
177,-0.3563395010246495, ,
178,0.3650074237143599, ,
179,0.43857962913239135, ,
180,1.3431996240556145, ,
181,-0.2745032879038263, ,
182,-1.737970008447519, ,
183,-0.30498326937072306, ,
184,0.31917720104047476, ,
185,0.5109943948543787, ,
186,1.3601189155369866, ,
187,-0.229210895829965, ,
188,-1.70463672865867, ,
189,-0.2839296555519013, ,
190,0.34242219732936974, ,
191,0.5184639550559496, ,
192,1.369051548376774, ,
193,-0.2282336132132059, ,
194,-1.7045168773952355, ,
195,-0.7933384816335547, ,
196,0.21267036851259036, ,
197,1.1265937802340886, ,
198,0.9391048952934398, ,
199,-0.2509422889243069, ,
200,-1.0006178056971748, ,
201,-0.2754095638315448, ,
202,0.9788081133717697, ,
203,1.1681980211851624, ,
204,0.7903561147945766, ,
205,-1.4471223975756402, ,
206,-2.1288747981604956, ,
207,0.08081954997578578, ,
208,0.8365181305348415, ,
209,1.262308502022961, ,
210,1.0041981830129316, ,
211,-1.4163400771917622, ,
212,-1.4210313559333372, ,
213,0.24566314028720626, ,
214,0.322821654695872, ,
215,0.7094507210063057, ,
216,-0.22075166118975176, ,
217,-1.1375443915094365, ,
218,-0.0571729699208845, ,
219,0.486732576590839, ,
220,0.6953589447168724, ,
221,1.3542460091773592, ,
222,-0.17011593194933994, ,
223,-1.7478686933407062, ,
224,-0.30165555114172093, ,
225,0.8130830024138049, ,
226,1.1163968369914983, ,
227,0.8618012720123716, ,
228,-0.9455139378283093, ,
229,-1.9032739407793997, ,
230,-0.49811116867022065, ,
231,0.817193682024481, ,
232,0.6845931819643738, ,
233,0.2999971829478909, ,
234,-1.3497442930793113, ,
235,-1.8928982716342944, ,
236,0.364636084544145, ,
237,1.2115972096394216, ,
238,1.0204974305991072, ,
239,0.12750448005317594, ,
240,-0.8914196248629196, ,
241,-0.5042586724807734, ,
242,0.45605928631744064, ,
243,1.2684893600512623, ,
244,1.42600516000266, ,
245,-0.11438224113589968, ,
246,-1.6966116548287573, ,
247,-0.9159469168375836, ,
248,0.1674530726404555, ,
249,0.993530879499076, ,
250,1.383257508243105, ,
251,-0.7099516173864231, ,
252,-1.786237594800923, ,
253,-0.2835986780842177, ,
254,0.2961637165155935, ,
255,1.1502776266643195, ,
256,1.0076361693024865, ,
257,-1.375302860901229, ,
258,-1.7629426388380125, ,
259,0.2209867952606146, ,
260,1.0780202908947558, ,
261,1.3908017827652657, ,
262,0.5998758252653715, ,
263,-1.4714652980624123, ,
264,-0.7883528767501957, ,

 ************, GATI FFT  : ,************ , , Removed 
0,54206.00033206656
1,2060.5426298300044
2,2106.8452340064932
3,2062.236855919804
4,1901.647004374482
5,1738.7344396611377
6,1548.7679074741548
7,1335.17548715465
8,1122.0251614561214
9,887.7973792961631
10,690.3324824044904
11,518.4691413424503
12,353.49584784136437
13,216.1999437833056
14,95.62374408142564
15,60.04052212600606
16,126.55037168799421
17,194.1248528602797
18,231.4770827491187
19,260.5777399523267
20,266.9377386703224
21,270.92500297678146
22,254.63061255069002
23,239.96478844473262
24,212.47028486331803
25,177.26806423313644
26,156.4677071344121
27,144.79862762647244
28,133.44290157040666
29,163.00521249241345
30,178.57812239347396
31,189.4999455994086
32,174.44365633497148
33,176.23071583240866
34,173.24230935039887
35,135.2855422690094
36,104.50450547646763
37,85.68318835840222
38,69.66879252608308
39,45.60358528307231
40,47.70041194774265
41,62.28101866768461
42,77.14281503169323
43,77.71047620770746
44,86.49533650995429
45,88.59206711600788
46,82.83717481725661
47,86.29045659994163
48,38.17816701048316
49,30.814500868970317
50,98.55980046791046
51,85.69940216439043
52,82.47185120393819
53,54.48170546499138
54,26.006303388714496
55,35.79899733865696
56,37.00348333876879
57,45.968151866082
58,40.116782363155934
59,42.98438283910193
60,36.70708396574789
61,24.392020274963926
62,26.00105095404159
63,26.216351620049927
64,17.488368504622642
65,30.260944351785863
66,39.56016638368648
67,52.350194377583726
68,59.905068705315415
69,54.98477681059766
70,59.736544468341435
71,51.86564343648212
72,52.01508462645136
73,40.39938686235606
74,28.734661799863567
75,18.607594803352416
76,15.639674534283513
77,9.178028551609291
78,17.79887136796908
79,23.051366632612336
80,39.97782314308688
81,38.71897438686616
82,35.0930028735265
83,40.7387658228801
84,38.82427942936661
85,30.916429763513253
86,24.29093311424606
87,20.133907592538115
88,15.149513162624533
89,8.796123411766565
90,13.997471446116833
91,28.86742411330085
92,32.87339944581156
93,39.73127352055784
94,44.739279038277495
95,49.213564267183465
96,51.92842501892342
97,50.137898660050745
98,22.770800651995046
99,30.388821550559044
100,41.540939121327916
101,14.927668358897686
102,38.204320690252096
103,10.498020080811935
104,15.523313793237117
105,33.74280183846344
106,36.16736955798021
107,40.59049161416077
108,38.779331086732455
109,37.475473928861646
110,20.303812824962858
111,27.164491888833375
112,17.809386152467713
113,10.66274173713654
114,16.880202636040643
115,9.358182079185022
116,12.867853949047165
117,17.145033864717266
118,25.607483190841435
119,19.73729254477506
120,24.667334148047896
121,28.988123553086997
122,24.494487949891408
123,19.161228459187267
124,21.51840992063148
125,9.181179861756807
126,3.192135654788138
127,4.4393716273879855
128,18.102211492670794
129,22.17505109703383
130,19.36565720814338
131,22.613692983657952
132,28.212670137448438
133,30.02041300916816
134,25.56749206628781
135,24.877594766134923
136,10.470993604645326
137,13.818252982308305
138,4.217561548919735
139,10.239437474460114
140,12.657693969035485
141,19.755284217812054
142,18.95615267416958
143,23.016149162041167
144,24.931806047242038
145,42.758892164807925
146,38.55626917298511
147,27.013128000448496
148,24.935268240414874
149,16.95152610942149
150,14.56218845511819
151,0.0
152,0.0
153,0.0
154,0.0
155,0.0
156,0.0
157,0.0
158,0.0
159,0.0
160,0.0
161,0.0
162,0.0
163,0.0
164,0.0
165,0.0
166,0.0
167,0.0
168,0.0
169,0.0
170,0.0
171,0.0
172,0.0
173,0.0
174,0.0
175,0.0
176,0.0
177,0.0
178,0.0
179,0.0
180,0.0
181,0.0
182,0.0
183,0.0
184,0.0
185,0.0
186,0.0
187,0.0
188,0.0
189,0.0
190,0.0
191,0.0
192,0.0
193,0.0
194,0.0
195,0.0
196,0.0
197,0.0
198,0.0
199,0.0
200,0.0
201,0.0
202,0.0
203,0.0
204,0.0
205,0.0
206,0.0
207,0.0
208,0.0
209,0.0
210,0.0
211,0.0
212,0.0
213,0.0
214,0.0
215,0.0
216,0.0
217,0.0
218,0.0
219,0.0
220,0.0
221,0.0
222,0.0
223,0.0
224,0.0
225,0.0
226,0.0
227,0.0
228,0.0
229,0.0
230,0.0
231,0.0
232,0.0
233,0.0
234,0.0
235,0.0
236,0.0
237,0.0
238,0.0
239,0.0
240,0.0
241,0.0
242,0.0
243,0.0
244,0.0
245,0.0
246,0.0
247,0.0
248,0.0
249,0.0
250,0.0
251,0.0
252,0.0
253,0.0
254,0.0
255,0.0
256,0.0
257,0.0
258,0.0
259,0.0
260,0.0
261,0.0
262,0.0
263,0.0
264,0.0
265,0.0
266,0.0
267,0.0
268,0.0
269,0.0
270,0.0
271,0.0
272,0.0
273,0.0
274,0.0
275,0.0
276,0.0
277,0.0
278,0.0
279,0.0
280,0.0
281,0.0
282,0.0
283,0.0
284,0.0
285,0.0
286,0.0
287,0.0
288,0.0
289,0.0
290,0.0
291,0.0
292,0.0
293,0.0
294,0.0
295,0.0
296,0.0
297,0.0
298,0.0
299,0.0
300,0.0
301,0.0
