**** , USER DATA ,****,
, Device Info, 
-------------------------------------
Model :SM-A505F
Device: a50
Manufacturer: samsung
Board: exynos9610
Brand: samsung
SDK or OS  : 30
versionRelease: 11
VERSION_CODE: 5
VERSION_NAME: 1.0
-------------------------------------

 Unique file Id,5177, 
 Front Face,true, 
 Sampling Rate  : 9,

Id provided by Hospital or Entered manually or Randomly generated, 
20220111_125713-SM-A505F-12, 

 ************, User Manual Data : ,************ ,  

Gender,Female,
height,160,
weight,70,
Age,29,
BPsystolic(Manual),120,
BPdiastolic(Manual),70,
heartrate(Manual),70,
Medication,0,
Place ,,

 ************ , Advance Settings ,************ , 

 ************, 
 {hsvMin=60.0, hsvMax=340.0, saturationMin=0.4, saturationMax=1.0, brightnessMin=0.0, brightnessMax=1.0} ,************ ,  

 
  ************, Calculated : ,************

BMI,27,
BMR,1627,
BPsystolic,111,
BPdiastolic,73,
Heartrate,91,
Respirationrate,15,
Rythm,Pitta/Kapha(Reg),
Kathinya,242,
Kapha,50.00  %,
Vata,16.67  %,
Pitta,33.33  %,
Tala Result,0.0031686876145886403,
Variance Of Heart Rate,0.3987185157790078,
BSA,1.7318886979699173,
ET,252.57,
SV,46.55080339798465,
PP,28.212608119990698,
MPP,83.25,

 ************, KPV2 ,************
K2 , 38.88  %P2 , 31.88  %V2 , 29.24  %
PPG,


Colors Code , RED , GREEN , BLUE , H, S, V , GOOD SIGNAL HSV AVG ( per sec)  , <.1
0,117.0,155.0,166.0,20.512821,0.62234044,0.7372549,133.66666666666666
1,129.0,178.0,193.0,20.168068,0.63297874,0.7372549,96.55555555555556
2,131.0,180.0,194.0,20.168068,0.6363636,0.73333335,100.55555555555556
3,131.0,181.0,195.0,20.0,0.6451613,0.7294118,163.77777777777777
4,129.0,177.0,191.0,19.180328,0.6630435,0.72156864,209.11111111111111
5,124.0,169.0,181.0,18.24,0.6868132,0.7137255,187.66666666666666
6,120.0,161.0,173.0,16.27907,0.7206704,0.7019608,169.77777777777777
7,116.0,153.0,164.0,15.692308,0.72625697,0.7019608,174.44444444444446
8,108.0,138.0,147.0,16.030535,0.7277778,0.7058824,182.88888888888889
9,98.0,121.0,128.0,16.615385,0.7222222,0.7058824,185.33333333333334
10,92.0,107.0,111.0,16.744186,0.71270716,0.70980394,187.33333333333334
11,88.0,94.0,97.0,17.076923,0.71428573,0.7137255,186.77777777777777
12,83.0,81.0,81.0,17.209301,0.70108694,0.72156864,187.33333333333334
13,80.0,70.0,69.0,18.897638,0.6827957,0.7294118,186.11111111111111
14,82.0,68.0,65.0,19.047619,0.67021275,0.7372549,188.55555555555554
15,93.0,79.0,75.0,19.354837,0.65957445,0.7372549,190.55555555555554
16,109.0,98.0,95.0,19.354837,0.65957445,0.7372549,188.44444444444446
17,120.0,108.0,105.0,18.720001,0.6648936,0.7372549,187.88888888888889
18,122.0,105.0,101.0,19.354837,0.65957445,0.7372549,190.44444444444446
19,116.0,91.0,85.0,19.199999,0.66137564,0.7411765,190.55555555555554
20,104.0,69.0,61.0,19.512194,0.64736843,0.74509805,187.22222222222223
21,92.0,45.0,36.0,20.33058,0.63350785,0.7490196,188.33333333333334
22,90.0,35.0,26.0,21.0,0.6315789,0.74509805,188.88888888888889
23,96.0,37.0,27.0,20.67227,0.6263158,0.74509805,189.66666666666666
24,110.0,46.0,35.0,21.176472,0.6263158,0.74509805,188.88888888888889
25,117.0,52.0,40.0,21.355932,0.6210526,0.74509805,189.11111111111111
26,106.0,40.0,29.0,21.025642,0.61256546,0.7490196,187.44444444444446
27,74.0,9.0,3.0,21.355932,0.6210526,0.74509805,188.33333333333334
28,64.0,0.0,0.0,20.5,0.63492066,0.7411765,188.66666666666666
29,76.0,0.0,0.0,20.5,0.63492066,0.7411765,189.0
30,102.0,3.0,0.0,20.5,0.63492066,0.7411765,187.11111111111111
31,143.0,26.0,3.0,21.0,0.63492066,0.7411765,182.11111111111111
32,213.0,89.0,34.0,20.5,0.6315789,0.74509805,189.11111111111111
33,216.0,97.0,38.0,20.0,0.63829786,0.7372549,189.66666666666666
34,218.0,100.0,40.0,20.88888888888889
35,221.0,104.0,44.0
36,221.0,107.0,43.0
37,220.0,109.0,45.0
38,218.0,112.0,48.0
39,215.0,116.0,53.0
40,211.0,116.0,54.0
41,209.0,117.0,49.0
42,206.0,117.0,45.0
43,203.0,118.0,41.0
44,201.0,117.0,41.0
45,199.0,116.0,39.0
46,197.0,115.0,38.0
47,196.0,113.0,39.0
48,193.0,111.0,40.0
49,190.0,110.0,47.0
50,187.0,108.0,53.0
51,185.0,106.0,57.0
52,183.0,104.0,60.0
53,180.0,102.0,62.0
54,178.0,95.0,58.0
55,175.0,88.0,52.0
56,175.0,85.0,50.0
57,174.0,84.0,49.0
58,172.0,80.0,46.0
59,167.0,69.0,39.0
60,163.0,59.0,34.0
61,163.0,57.0,33.0
62,169.0,60.0,35.0
63,170.0,61.0,36.0
64,171.0,61.0,37.0
65,172.0,62.0,37.0
66,172.0,63.0,38.0
67,172.0,63.0,38.0
68,173.0,66.0,39.0
69,175.0,70.0,42.0
70,177.0,74.0,44.0
71,179.0,77.0,46.0
72,179.0,79.0,47.0
73,179.0,78.0,46.0
74,180.0,80.0,47.0
75,182.0,83.0,49.0
76,184.0,86.0,51.0
77,185.0,90.0,54.0
78,184.0,88.0,53.0
79,183.0,86.0,52.0
80,184.0,88.0,53.0
81,185.0,90.0,54.0
82,185.0,91.0,55.0
83,185.0,91.0,55.0
84,184.0,90.0,54.0
85,184.0,90.0,54.0
86,185.0,91.0,55.0
87,186.0,92.0,56.0
88,186.0,94.0,58.0
89,187.0,97.0,59.0
90,186.0,95.0,58.0
91,186.0,94.0,57.0
92,187.0,96.0,58.0
93,188.0,98.0,61.0
94,188.0,100.0,62.0
95,188.0,101.0,63.0
96,188.0,100.0,62.0
97,187.0,98.0,60.0
98,187.0,97.0,59.0
99,187.0,98.0,60.0
100,187.0,97.0,59.0
101,187.0,97.0,59.0
102,186.0,96.0,58.0
103,185.0,93.0,56.0
104,186.0,94.0,56.0
105,187.0,95.0,58.0
106,187.0,97.0,59.0
107,188.0,100.0,62.0
108,188.0,101.0,62.0
109,188.0,100.0,61.0
110,188.0,100.0,61.0
111,188.0,101.0,62.0
112,188.0,102.0,63.0
113,188.0,102.0,63.0
114,188.0,102.0,63.0
115,186.0,98.0,60.0
116,186.0,96.0,58.0
117,186.0,96.0,58.0
118,186.0,95.0,57.0
119,186.0,95.0,57.0
120,185.0,95.0,57.0
121,184.0,92.0,55.0
122,185.0,93.0,55.0
123,186.0,95.0,57.0
124,187.0,98.0,59.0
125,188.0,100.0,61.0
126,188.0,101.0,62.0
127,187.0,99.0,60.0
128,188.0,101.0,62.0
129,189.0,104.0,64.0
130,190.0,107.0,67.0
131,190.0,107.0,67.0
132,189.0,105.0,65.0
133,187.0,100.0,61.0
134,188.0,100.0,61.0
135,189.0,103.0,64.0
136,190.0,107.0,66.0
137,191.0,109.0,68.0
138,190.0,108.0,68.0
139,191.0,108.0,67.0
140,191.0,109.0,68.0
141,191.0,110.0,69.0
142,191.0,112.0,71.0
143,190.0,111.0,71.0
144,190.0,110.0,69.0
145,189.0,108.0,68.0
146,189.0,108.0,68.0
147,190.0,110.0,69.0
148,190.0,111.0,70.0
149,189.0,110.0,70.0
150,187.0,105.0,65.0
151,187.0,103.0,63.0
152,187.0,104.0,64.0
153,188.0,106.0,66.0
154,189.0,109.0,68.0
155,188.0,107.0,67.0
156,187.0,104.0,64.0
157,188.0,105.0,65.0
158,188.0,104.0,64.0
159,187.0,101.0,62.0
160,188.0,101.0,62.0
161,188.0,101.0,62.0
162,188.0,100.0,61.0
163,189.0,103.0,63.0
164,189.0,105.0,65.0
165,190.0,108.0,67.0
166,191.0,111.0,69.0
167,190.0,110.0,69.0
168,191.0,110.0,70.0
169,191.0,111.0,70.0
170,191.0,113.0,72.0
171,192.0,115.0,73.0
172,192.0,116.0,74.0
173,192.0,116.0,74.0
174,192.0,117.0,75.0
175,193.0,117.0,75.0
176,192.0,117.0,75.0
177,192.0,117.0,75.0
178,187.0,111.0,70.0
179,187.0,111.0,70.0
180,188.0,111.0,70.0
181,188.0,112.0,71.0
182,188.0,112.0,71.0
183,187.0,111.0,70.0
184,187.0,110.0,69.0
185,187.0,111.0,70.0
186,187.0,111.0,70.0
187,188.0,112.0,71.0
188,187.0,110.0,69.0
189,186.0,107.0,67.0
190,186.0,108.0,67.0
191,186.0,108.0,67.0
192,190.0,111.0,70.0
193,189.0,110.0,69.0
194,189.0,108.0,67.0
195,188.0,108.0,67.0
196,189.0,109.0,69.0
197,189.0,111.0,70.0
198,189.0,110.0,70.0
199,188.0,107.0,67.0
200,188.0,107.0,66.0
201,188.0,108.0,67.0
202,189.0,110.0,69.0
203,190.0,111.0,70.0
204,189.0,108.0,68.0
205,189.0,108.0,67.0
206,189.0,109.0,68.0
207,190.0,110.0,69.0
208,190.0,111.0,71.0
209,190.0,110.0,70.0
210,190.0,110.0,70.0
211,190.0,111.0,70.0
212,190.0,112.0,71.0
213,190.0,112.0,72.0
214,189.0,111.0,70.0
215,189.0,109.0,68.0
216,189.0,109.0,69.0
217,189.0,109.0,69.0
218,190.0,111.0,70.0
219,189.0,110.0,70.0
220,188.0,107.0,67.0
221,189.0,109.0,68.0
222,189.0,109.0,69.0
223,189.0,109.0,68.0
224,189.0,109.0,68.0
225,188.0,106.0,66.0
226,188.0,107.0,66.0
227,189.0,109.0,68.0
228,190.0,111.0,69.0
229,190.0,112.0,71.0
230,189.0,110.0,69.0
231,189.0,109.0,68.0
232,189.0,109.0,68.0
233,189.0,109.0,68.0
234,189.0,110.0,69.0
235,187.0,106.0,66.0
236,187.0,103.0,63.0
237,187.0,104.0,64.0
238,188.0,106.0,65.0
239,188.0,108.0,67.0
240,188.0,108.0,67.0
241,187.0,105.0,64.0
242,187.0,105.0,64.0
243,188.0,107.0,66.0
244,189.0,109.0,68.0
245,189.0,111.0,69.0
246,188.0,108.0,67.0
247,188.0,107.0,67.0
248,188.0,108.0,67.0
249,188.0,109.0,68.0
250,189.0,111.0,70.0
251,188.0,109.0,68.0
252,188.0,107.0,67.0
253,188.0,108.0,67.0
254,188.0,109.0,68.0
255,189.0,110.0,69.0
256,189.0,111.0,70.0
257,188.0,109.0,68.0
258,189.0,109.0,68.0
259,189.0,110.0,69.0
260,189.0,111.0,70.0
261,189.0,113.0,72.0
262,190.0,113.0,72.0
263,188.0,111.0,70.0
264,189.0,110.0,69.0
265,189.0,110.0,69.0
266,189.0,111.0,70.0
267,189.0,112.0,71.0
268,189.0,112.0,71.0
269,189.0,111.0,70.0
270,189.0,112.0,71.0
271,189.0,113.0,72.0
272,190.0,113.0,72.0
273,190.0,114.0,73.0
274,188.0,111.0,71.0
275,188.0,109.0,69.0
276,187.0,108.0,68.0
277,186.0,106.0,66.0
278,184.0,101.0,62.0
279,182.0,95.0,57.0
280,179.0,85.0,50.0
281,179.0,83.0,49.0
282,180.0,84.0,49.0
283,180.0,86.0,50.0
284,181.0,88.0,52.0
285,182.0,89.0,52.0
286,184.0,92.0,55.0
287,186.0,99.0,59.0
288,188.0,102.0,62.0
289,188.0,104.0,64.0
290,188.0,104.0,64.0
291,188.0,102.0,63.0
292,188.0,104.0,64.0
293,189.0,104.0,64.0
294,190.0,107.0,67.0
295,191.0,111.0,70.0
296,190.0,112.0,70.0
297,190.0,112.0,71.0
298,190.0,113.0,71.0
299,190.0,114.0,72.0
300,191.0,115.0,74.0
301,190.0,114.0,72.0
302,189.0,110.0,69.0
303,189.0,110.0,69.0
304,189.0,110.0,69.0
305,189.0,111.0,69.0
306,190.0,111.0,70.0
307,188.0,108.0,68.0

 ************, After Bandpass: ,************
central frequency  ,2.25 
Width frequency  , 3.16 

 ************, PPG Signal : ,************ , , Removed 
0,-30.59989586349343, ,,-117.0
1,-27.839437133459796, ,,-129.0
2,-27.783513154514367, ,,-131.0
3,-21.974544058334914, ,,-131.0
4,-16.87206403925029, ,,-129.0
5,-10.561559778678657, ,,-124.0
6,-6.5043097711798055, ,,-120.0
7,-2.6567131230240193, ,,-116.0
8,0.6405262293533269, ,,-108.0
9,1.8849468024641283, ,,-98.0
10,3.3466042693501095, ,,46.71157127412368
11,2.9256397351005035, ,,56.35800791556103
12,1.4149490082038483, ,,-2.8396970429352066
13,0.8328719316848492, ,,-9.951168883008904
14,0.7157640924606312, ,,-15.687512297722549
15,0.9446607188131111, ,,-15.934003328091705
16,0.3393373083874849, ,,-0.10947348759685838
17,0.013317371440507486, ,,-1.2514935790320578
18,0.017005437415718916, ,,-2.530536213654841
19,0.7559966694439026, ,,-12.913048923403721
20,2.13870530009126, ,,-20.746709354601762
21,1.0862624573824178, ,,-24.388615263838005
22,-1.2381642066438872, ,,-18.090818543606247
23,-2.853733857554289, ,,-3.8320487989309413
24,-0.7332549807824762, ,,9.713059301479234
25,5.087324848343542, ,,15.691564134629857
26,6.776436466773248, ,,4.007225290429119
27,4.218529814689305, ,,-19.305712714487186
28,3.4888852085354074, ,,-24.493690797720774
29,1.7877254445396602, ,,-1.948373159039761
30,-0.03913152356244609, ,,21.822335199149393
31,0.0013139324789790408, ,,43.346320261343294
32,0.4623205704569955, ,,70.75588765098394
33,1.1505031077588228, ,,52.2384034175592
34,1.146037077732899, ,,3.4770982187786785
35,0.09751361788266877, ,,-10.088546861214695
36,-1.338604647764214, ,,-22.58418029841698
37,-1.1342939351306995, ,
38,-0.06353258704689324, ,
39,0.7021171117996801, ,
40,0.5435945440876822, ,
41,-1.064595363426406, ,
42,-2.4168379997265674, ,
43,-1.602534404679318, ,
44,-0.25198685208806637, ,
45,-0.3408172868505517, ,
46,-0.5556270242614119, ,
47,-0.9544959979637042, ,
48,-1.0715815123992343, ,
49,0.16235358968629043, ,
50,0.968046386069318, ,
51,0.6681149719665882, ,
52,0.6586786480038427, ,
53,0.0633744352260237, ,
54,-0.8088530241645913, ,
55,0.14125260342416368, ,
56,0.780169839524433, ,
57,0.31520149313837464, ,
58,-0.14670918292858914, ,
59,-0.38388408711853117, ,
60,-0.9389403802288143, ,
61,-1.105212198528534, ,
62,-0.4027993918195989, ,
63,-0.2612420582672712, ,
64,-0.05768862430318222, ,
65,-0.39403398664808265, ,
66,-1.0349174262164524, ,
67,0.03337053154609748, ,
68,1.310433253750034, ,
69,1.0111676424889993, ,
70,0.991541054365598, ,
71,0.9277639634369734, ,
72,0.05146236181167296, ,
73,-0.13151680451483116, ,
74,-0.3059291370209394, ,
75,-0.43008664550643516, ,
76,-0.3411559400497026, ,
77,-0.35272559181566976, ,
78,-1.2526242992671541, ,
79,-1.4557105210228656, ,
80,-0.16128174545656293, ,
81,0.053615375184108416, ,
82,0.299368392296401, ,
83,0.0129587518167682, ,
84,-0.7500165525157172, ,
85,0.30257832891106773, ,
86,1.4722622480794598, ,
87,1.6337204826093057, ,
88,1.6844787173477016, ,
89,0.9704348357340677, ,
90,-0.5141037126818446, ,
91,-0.4413219470634431, ,
92,0.5318547891433809, ,
93,0.5788217059193812, ,
94,0.18764418504133573, ,
95,-0.9515918942220196, ,
96,-2.30097224131805, ,
97,-1.4417845153207054, ,
98,0.47417303900715524, ,
99,0.9385479939062407, ,
100,1.2751917321459132, ,
101,0.3696754252439405, ,
102,-0.15454183172118974, ,
103,0.43014975092023633, ,
104,-0.37165812701596224, ,
105,-0.37937259455907224, ,
106,-0.8513800904559048, ,
107,-1.1021984029721352, ,
108,-0.7838085896637494, ,
109,-0.8668938740390786, ,
110,0.5020047060927482, ,
111,0.8387199425176277, ,
112,-0.185290489400586, ,
113,-1.2433253404851712, ,
114,-1.1275911029406416, ,
115,0.10437497661700945, ,
116,0.8227051198077788, ,
117,1.6862508218184757, ,
118,0.8241083638099553, ,
119,-0.6477430502809511, ,
120,0.14800659804450333, ,
121,0.5865073588731775, ,
122,-0.4515711021065272, ,
123,-0.017601233474806577, ,
124,0.6139068475833938, ,
125,-0.0017087603200707235, ,
126,0.5757769280307912, ,
127,0.6296791393210697, ,
128,0.4123558547405537, ,
129,1.0503851473915802, ,
130,-0.12621772095121742, ,
131,-0.46461937735034553, ,
132,0.14178870194291449, ,
133,-0.5894010675458503, ,
134,0.0109387441243598, ,
135,0.198680968195049, ,
136,-0.4644052635949265, ,
137,-0.3163353271752385, ,
138,0.07584270648453639, ,
139,-0.24889031065413292, ,
140,-0.8812212328696205, ,
141,-2.8583066216010593, ,
142,-3.4040086655581945, ,
143,0.19843072452476918, ,
144,0.9536515607801448, ,
145,0.8032062041743302, ,
146,0.8130615977584057, ,
147,0.19201074207012425, ,
148,0.858370207043663, ,
149,0.609118291066352, ,
150,1.0600228403586698, ,
151,0.6244780099459604, ,
152,-0.8485894342697975, ,
153,-0.4720202950302337, ,
154,-0.04366974984804983, ,
155,2.0444980505119474, ,
156,2.254854104579408, ,
157,-0.339994173722971, ,
158,-0.5308319172750089, ,
159,-0.5302972679430695, ,
160,-0.11245790097609643, ,
161,-0.3026397395674394, ,
162,-1.005987020835164, ,
163,-0.831494994528839, ,
164,-0.39646907689075306, ,
165,0.4298564775140221, ,
166,1.1422118831076205, ,
167,0.3387546834062505, ,
168,-0.5075551134000307, ,
169,-0.043359295397976894, ,
170,0.30362720209882355, ,
171,0.4798756351688098, ,
172,-0.023307684520659677, ,
173,-0.16139179843480633, ,
174,-0.16084366611812584, ,
175,-0.28969272040944816, ,
176,-0.1775857374377665, ,
177,-0.7141606975517334, ,
178,-0.7606367002636034, ,
179,-0.12068410070492064, ,
180,-0.0033160725847665162, ,
181,0.6459261886086551, ,
182,0.37291689999574373, ,
183,-0.9216760992223954, ,
184,0.01784908362196802, ,
185,0.65695701977711, ,
186,0.11335161436159069, ,
187,0.2560705499743108, ,
188,-0.3926221468041149, ,
189,-0.6026739192695914, ,
190,0.5342757245155099, ,
191,1.1595894850224795, ,
192,0.8157086692854136, ,
193,-0.3232717070068247, ,
194,-0.6913931833069, ,
195,-0.25521973753598104, ,
196,-0.27504366856101115, ,
197,-0.13889115305119049, ,
198,-1.051990825424582, ,
199,-1.2990646690168433, ,
200,-0.0016315278533056699, ,
201,0.6493902136592169, ,
202,1.011835821557952, ,
203,0.5795511176520449, ,
204,-0.15306299274197954, ,
205,-0.3402373298117709, ,
206,0.5158807013119713, ,
207,1.2491933387707377, ,
208,0.7478721400091217, ,
209,-0.3456270070903429, ,
210,-0.7455512277970229, ,
211,-0.30697707455829004, ,
212,-0.30825374212417955, ,
213,0.3308717972852264, ,
214,0.07351666064914752, ,
215,-0.6566326995459804, ,
216,-0.03922628956229346, ,
217,-0.07888462886467096, ,
218,0.46632928060921586, ,
219,0.7482294963729146, ,
220,-0.4714158684996619, ,
221,-0.07308326574730017, ,
222,0.4913022879172786, ,
223,-0.11674004065207555, ,
224,-0.04312009119530558, ,
225,0.41070619921219986, ,
226,-0.5668127521857969, ,
227,-0.8212741226520848, ,
228,0.3880480806919877, ,
229,-0.08840219518901904, ,
230,-0.054614737979591155, ,
231,0.13067630237969752, ,
232,-0.11036490667993348, ,
233,0.09506000917917845, ,
234,-0.04784724254204775, ,
235,0.5343979905474043, ,
236,0.6324848118720183, ,
237,-0.9961910431909473, ,
238,-1.3162183876638665, ,
239,-0.7270015638275709, ,
240,-1.28189038328901, ,
241,-1.5422246712646484, ,
242,-1.9520498820811554, ,
243,-2.384631699216925, ,
244,-1.1077587531260633, ,
245,1.5205401322625676, ,
246,2.231700708219023, ,
247,2.377043309579676, ,
248,2.984041480734504, ,
249,2.999111398471996, ,
250,3.2479539316523187, ,
251,2.7483203602196227, ,
252,1.1159213132891637, ,
253,-0.6895718888085867, ,
254,-1.3734715220109592, ,
255,-1.6515863115507727, ,
256,-1.1929091198105652, ,
257,-0.2508067568471688, ,
258,0.0136620350940575, ,
259,-0.6933261696212867, ,
260,-1.348486222247402, ,
261,-0.7786951068310373, ,
262,-0.653507961456171, ,
263,0.01823462840047796, ,
264,-0.07334552726206311, ,
265,-1.2870968874842674, ,
266,-0.7047542216337206, ,
267,-0.10922012287937832, ,
268,0.03588772026660081, ,
269,0.8191461241362958, ,
270,-0.0785048894990723, ,

 ************, GATI FFT  : ,************ , , Removed 
0,55280.00032561505
1,2584.9645240792997
2,2038.2534245507188
3,1883.9169834484505
4,1888.5962660324599
5,1961.8778388897047
6,1869.1642783299744
7,1620.3769891518375
8,997.1038647654191
9,610.5930993416761
10,297.62307603037794
11,378.2549957535423
12,560.2191567283538
13,556.5715319690338
14,573.8110613306275
15,547.4473661053281
16,631.1936501692742
17,561.6337393514979
18,473.3735921080339
19,386.9100672094513
20,389.6550003539029
21,416.67183074441624
22,439.44631399454545
23,440.9309035427791
24,378.6714607588556
25,315.5450719578183
26,252.54756498344224
27,157.86758202024367
28,103.52546798292306
29,101.22415362623258
30,179.1751703174654
31,272.70826963901106
32,303.7396724155022
33,366.6188815828567
34,323.1822743870412
35,330.8852737920322
36,279.94129020114576
37,252.96918035530098
38,227.3603354632889
39,209.05261835897875
40,230.3263073374868
41,262.8352051685527
42,270.528596780954
43,282.8190195448426
44,271.6999193044132
45,273.60321062722323
46,248.69200694100158
47,224.46751925472054
48,167.93724416715662
49,118.18239859813713
50,68.35502572062502
51,59.48866858821003
52,62.540967420921994
53,101.15733193650975
54,123.42603360069644
55,141.38375195549497
56,122.93977205462964
57,75.31860833292528
58,40.66512669507108
59,44.10053735571306
60,45.3187266575206
61,53.726368523796566
62,87.39859247962971
63,98.19204748254103
64,85.24836753135966
65,66.06294109988778
66,67.1542090073845
67,62.33453172389173
68,56.34427859987672
69,55.354084024555526
70,63.97442731807783
71,85.09521306584347
72,95.53909220429176
73,91.94861062738994
74,71.94403886342788
75,55.41360061708754
76,29.361212955463476
77,11.40175425099138
78,36.845655289329926
79,49.8816865442909
80,64.12724993299999
81,91.39098103489258
82,86.76686979816319
83,93.44387940639253
84,59.809021118387975
85,40.86722413582688
86,13.757281371449286
87,13.858463004446328
88,32.05195980777551
89,58.398078587231126
90,79.49044907772999
91,90.50618833712979
92,86.74748753738474
93,81.42235791552434
94,64.4213851112005
95,44.14244234872972
96,19.058208559055004
97,16.370748326091395
98,44.286510112815186
99,63.3000708522127
100,69.92907622340552
101,91.18816460356278
102,98.03660427990772
103,72.33410796506779
104,46.38723909794854
105,36.73446517555494
106,6.949203163067275
107,28.881125081664788
108,35.75057573626267
109,62.8297072629539
110,65.21694050784214
111,71.38544942293265
112,62.923341070619635
113,55.619062738051554
114,41.57180952070835
115,25.48329741756455
116,26.89780078011121
117,20.192137903328852
118,45.39583875359313
119,52.436394734291
120,53.99863417153271
121,65.55276312527111
122,51.64600937846724
123,56.03817924928549
124,31.524209409397233
125,21.504686202023084
126,29.122532336620804
127,37.39134342611267
128,45.4951704296728
129,58.72136216354367
130,60.06305535827621
131,62.73272617817664
132,45.42934869063422
133,37.27503639911912
134,28.549744003182823
135,22.52692366047751
136,42.49898777755309
137,45.20012823730551
138,50.83629350323255
139,57.58015577897681
140,57.81716066569714
141,47.59280115260453
142,48.210134194376
143,21.26792923989995
144,17.430064389630648
145,38.39985354718824
146,37.94411192357885
147,58.68033453669999
148,56.64427094261939
149,55.02431838399242
150,64.86253964977851
151,56.831927780932624
152,42.2251991530795
153,20.806608328313263
154,0.0
155,0.0
156,0.0
157,0.0
158,0.0
159,0.0
160,0.0
161,0.0
162,0.0
163,0.0
164,0.0
165,0.0
166,0.0
167,0.0
168,0.0
169,0.0
170,0.0
171,0.0
172,0.0
173,0.0
174,0.0
175,0.0
176,0.0
177,0.0
178,0.0
179,0.0
180,0.0
181,0.0
182,0.0
183,0.0
184,0.0
185,0.0
186,0.0
187,0.0
188,0.0
189,0.0
190,0.0
191,0.0
192,0.0
193,0.0
194,0.0
195,0.0
196,0.0
197,0.0
198,0.0
199,0.0
200,0.0
201,0.0
202,0.0
203,0.0
204,0.0
205,0.0
206,0.0
207,0.0
208,0.0
209,0.0
210,0.0
211,0.0
212,0.0
213,0.0
214,0.0
215,0.0
216,0.0
217,0.0
218,0.0
219,0.0
220,0.0
221,0.0
222,0.0
223,0.0
224,0.0
225,0.0
226,0.0
227,0.0
228,0.0
229,0.0
230,0.0
231,0.0
232,0.0
233,0.0
234,0.0
235,0.0
236,0.0
237,0.0
238,0.0
239,0.0
240,0.0
241,0.0
242,0.0
243,0.0
244,0.0
245,0.0
246,0.0
247,0.0
248,0.0
249,0.0
250,0.0
251,0.0
252,0.0
253,0.0
254,0.0
255,0.0
256,0.0
257,0.0
258,0.0
259,0.0
260,0.0
261,0.0
262,0.0
263,0.0
264,0.0
265,0.0
266,0.0
267,0.0
268,0.0
269,0.0
270,0.0
271,0.0
272,0.0
273,0.0
274,0.0
275,0.0
276,0.0
277,0.0
278,0.0
279,0.0
280,0.0
281,0.0
282,0.0
283,0.0
284,0.0
285,0.0
286,0.0
287,0.0
288,0.0
289,0.0
290,0.0
291,0.0
292,0.0
293,0.0
294,0.0
295,0.0
296,0.0
297,0.0
298,0.0
299,0.0
300,0.0
301,0.0
302,0.0
303,0.0
304,0.0
305,0.0
306,0.0
307,0.0
