**** , USER DATA ,****,
, Device Info, 
-------------------------------------
Model :SM-A505F
Device: a50
Manufacturer: samsung
Board: exynos9610
Brand: samsung
SDK or OS  : 30
versionRelease: 11
VERSION_CODE: 5
VERSION_NAME: 1.0
-------------------------------------

 Unique file Id,55189, 
 Front Face,true, 
 Sampling Rate  : 8,

Id provided by Hospital or Entered manually or Randomly generated, 
20220111_125713-SM-A505F-12, 

 ************, User Manual Data : ,************ ,  

Gender,Female,
height,160,
weight,70,
Age,29,
BPsystolic(Manual),120,
BPdiastolic(Manual),80,
heartrate(Manual),70,
Medication,0,
Place ,,

 ************ , Advance Settings ,************ , 

 ************, 
 {hsvMin=60.0, hsvMax=340.0, saturationMin=0.4, saturationMax=1.0, brightnessMin=0.0, brightnessMax=1.0} ,************ ,  

 
  ************, Calculated : ,************

BMI,27,
BMR,1627,
BPsystolic,112,
BPdiastolic,73,
Heartrate,88,
Respirationrate,12,
Rythm,Pitta/Kapha(Reg),
Kathinya,234,
Kapha,50.00  %,
Vata,16.67  %,
Pitta,33.33  %,
Tala Result,0.003112582948553454,
Variance Of Heart Rate,0.7323322313700168,
BSA,1.7318886979699173,
ET,252.57,
SV,48.41080339798465,
PP,29.128040552337335,
MPP,83.25,

 ************, KPV2 ,************
K2 , 39.75  %P2 , 26.59  %V2 , 33.66  %
PPG,


Colors Code , RED , GREEN , BLUE , H, S, V , GOOD SIGNAL HSV AVG ( per sec)  , <.1
0,94.0,63.0,70.0,11.470589,0.68,0.78431374,111.625
1,97.0,64.0,70.0,11.029411,0.68,0.78431374,185.0
2,99.0,62.0,68.0,11.029411,0.68,0.78431374,205.25
3,98.0,56.0,60.0,11.386862,0.68159205,0.7882353,205.5
4,99.0,49.0,52.0,11.386862,0.68159205,0.7882353,203.0
5,93.0,22.0,20.0,11.386862,0.68159205,0.7882353,202.0
6,96.0,10.0,7.0,11.386862,0.68159205,0.7882353,202.625
7,102.0,9.0,5.0,11.386862,0.68159205,0.7882353,201.125
8,115.0,14.0,7.0,11.470589,0.6766169,0.7882353,200.0
9,133.0,24.0,13.0,11.470589,0.6766169,0.7882353,201.5
10,182.0,66.0,46.0,11.470589,0.6766169,0.7882353,199.75
11,193.0,75.0,56.0,11.824818,0.68159205,0.7882353,199.875
12,194.0,77.0,56.0,11.470589,0.6766169,0.7882353,196.375
13,194.0,78.0,56.0,11.824818,0.6782178,0.7921569,195.875
14,194.0,79.0,55.0,11.470589,0.6732673,0.7921569,196.125
15,195.0,79.0,56.0,11.824818,0.6782178,0.7921569,197.375
16,195.0,81.0,57.0,11.470589,0.6766169,0.7882353,197.875
17,197.0,83.0,58.0,11.824818,0.68159205,0.7882353,197.5
18,199.0,88.0,60.0,11.824818,0.68159205,0.7882353,198.375
19,202.0,91.0,63.0,11.386862,0.6782178,0.7921569,197.875
20,205.0,95.0,65.0,11.386862,0.6782178,0.7921569,197.0
21,208.0,100.0,67.0,11.824818,0.68159205,0.7882353,196.875
22,210.0,103.0,69.0,11.386862,0.68159205,0.7882353,198.0
23,211.0,105.0,70.0,11.386862,0.68159205,0.7882353,199.0
24,210.0,104.0,69.0,11.386862,0.68159205,0.7882353,201.5
25,207.0,102.0,67.0,11.386862,0.68159205,0.7882353,201.25
26,204.0,100.0,65.0,11.73913,0.6865672,0.7882353,202.0
27,204.0,101.0,65.0,11.73913,0.6865672,0.7882353,200.625
28,205.0,102.0,66.0,11.73913,0.6865672,0.7882353,201.0
29,206.0,103.0,67.0,11.73913,0.6831683,0.7921569,199.75
30,206.0,104.0,67.0,11.73913,0.6831683,0.7921569,201.25
31,206.0,104.0,67.0,12.173913,0.6831683,0.7921569,202.25
32,206.0,105.0,66.0,11.73913,0.6831683,0.7921569,200.75
33,205.0,105.0,66.0,201.0
34,205.0,105.0,66.0,201.625
35,204.0,105.0,65.0,201.0
36,202.0,103.0,64.0,101.0
37,202.0,103.0,64.0
38,202.0,104.0,64.0
39,202.0,104.0,64.0
40,202.0,104.0,64.0
41,201.0,103.0,64.0
42,202.0,104.0,64.0
43,202.0,104.0,64.0
44,202.0,105.0,65.0
45,203.0,106.0,65.0
46,202.0,105.0,65.0
47,202.0,105.0,65.0
48,202.0,106.0,65.0
49,203.0,107.0,65.0
50,203.0,108.0,66.0
51,203.0,107.0,66.0
52,203.0,106.0,65.0
53,202.0,106.0,65.0
54,202.0,106.0,65.0
55,203.0,107.0,65.0
56,202.0,106.0,65.0
57,201.0,104.0,63.0
58,201.0,103.0,63.0
59,202.0,104.0,63.0
60,202.0,104.0,63.0
61,202.0,104.0,64.0
62,201.0,102.0,62.0
63,200.0,100.0,61.0
64,200.0,99.0,60.0
65,200.0,100.0,61.0
66,200.0,100.0,61.0
67,199.0,98.0,60.0
68,198.0,96.0,58.0
69,198.0,95.0,58.0
70,199.0,96.0,58.0
71,203.0,100.0,62.0
72,203.0,100.0,62.0
73,202.0,98.0,61.0
74,202.0,98.0,61.0
75,202.0,99.0,61.0
76,203.0,99.0,62.0
77,202.0,99.0,61.0
78,201.0,97.0,60.0
79,200.0,96.0,59.0
80,200.0,95.0,59.0
81,200.0,95.0,59.0
82,200.0,94.0,59.0
83,198.0,91.0,57.0
84,196.0,88.0,55.0
85,196.0,87.0,55.0
86,201.0,91.0,59.0
87,203.0,93.0,61.0
88,204.0,93.0,61.0
89,203.0,91.0,60.0
90,202.0,89.0,60.0
91,201.0,86.0,59.0
92,200.0,85.0,59.0
93,199.0,82.0,57.0
94,199.0,81.0,56.0
95,198.0,79.0,56.0
96,197.0,79.0,56.0
97,197.0,78.0,55.0
98,197.0,78.0,56.0
99,197.0,78.0,55.0
100,196.0,77.0,55.0
101,196.0,77.0,55.0
102,196.0,77.0,55.0
103,196.0,78.0,56.0
104,196.0,79.0,56.0
105,196.0,79.0,56.0
106,196.0,78.0,56.0
107,196.0,78.0,56.0
108,196.0,78.0,56.0
109,196.0,78.0,56.0
110,196.0,78.0,56.0
111,196.0,78.0,56.0
112,195.0,78.0,56.0
113,195.0,78.0,56.0
114,196.0,79.0,56.0
115,196.0,80.0,57.0
116,197.0,80.0,57.0
117,196.0,80.0,57.0
118,196.0,81.0,57.0
119,196.0,81.0,57.0
120,197.0,81.0,58.0
121,197.0,82.0,58.0
122,197.0,83.0,59.0
123,197.0,83.0,59.0
124,197.0,83.0,59.0
125,197.0,83.0,59.0
126,198.0,84.0,59.0
127,198.0,84.0,59.0
128,198.0,84.0,59.0
129,198.0,84.0,59.0
130,198.0,84.0,59.0
131,198.0,85.0,60.0
132,198.0,85.0,60.0
133,198.0,86.0,60.0
134,198.0,85.0,60.0
135,198.0,84.0,60.0
136,197.0,84.0,60.0
137,197.0,84.0,60.0
138,198.0,84.0,60.0
139,198.0,85.0,60.0
140,197.0,85.0,60.0
141,197.0,85.0,60.0
142,197.0,85.0,60.0
143,198.0,86.0,61.0
144,198.0,87.0,62.0
145,198.0,87.0,62.0
146,198.0,87.0,61.0
147,198.0,87.0,61.0
148,199.0,88.0,62.0
149,199.0,88.0,62.0
150,199.0,88.0,62.0
151,198.0,87.0,62.0
152,198.0,87.0,62.0
153,198.0,87.0,61.0
154,198.0,86.0,61.0
155,198.0,86.0,61.0
156,198.0,86.0,61.0
157,197.0,85.0,61.0
158,198.0,85.0,61.0
159,198.0,85.0,61.0
160,198.0,85.0,60.0
161,198.0,85.0,60.0
162,197.0,84.0,60.0
163,197.0,83.0,60.0
164,197.0,83.0,60.0
165,197.0,84.0,60.0
166,197.0,84.0,60.0
167,197.0,83.0,59.0
168,196.0,82.0,59.0
169,196.0,82.0,59.0
170,196.0,82.0,59.0
171,197.0,82.0,59.0
172,197.0,83.0,60.0
173,197.0,83.0,60.0
174,197.0,83.0,60.0
175,197.0,84.0,60.0
176,198.0,84.0,60.0
177,198.0,85.0,61.0
178,198.0,85.0,61.0
179,198.0,85.0,61.0
180,198.0,85.0,61.0
181,198.0,86.0,61.0
182,198.0,87.0,61.0
183,198.0,87.0,62.0
184,198.0,87.0,61.0
185,198.0,87.0,62.0
186,198.0,87.0,62.0
187,198.0,88.0,62.0
188,198.0,88.0,62.0
189,198.0,88.0,62.0
190,200.0,91.0,66.0
191,201.0,92.0,66.0
192,201.0,92.0,66.0
193,202.0,93.0,67.0
194,202.0,94.0,68.0
195,202.0,94.0,67.0
196,202.0,94.0,67.0
197,201.0,93.0,67.0
198,201.0,93.0,67.0
199,201.0,93.0,67.0
200,201.0,93.0,67.0
201,201.0,93.0,66.0
202,201.0,93.0,66.0
203,201.0,93.0,67.0
204,201.0,94.0,67.0
205,202.0,94.0,67.0
206,201.0,94.0,67.0
207,201.0,94.0,67.0
208,202.0,95.0,68.0
209,202.0,95.0,68.0
210,202.0,95.0,68.0
211,202.0,95.0,68.0
212,202.0,95.0,67.0
213,202.0,95.0,68.0
214,202.0,95.0,67.0
215,202.0,95.0,68.0
216,202.0,95.0,67.0
217,201.0,93.0,67.0
218,201.0,93.0,66.0
219,201.0,92.0,66.0
220,201.0,91.0,65.0
221,201.0,91.0,65.0
222,200.0,89.0,64.0
223,200.0,89.0,63.0
224,200.0,89.0,63.0
225,201.0,89.0,64.0
226,201.0,89.0,64.0
227,201.0,89.0,64.0
228,201.0,89.0,63.0
229,201.0,89.0,63.0
230,201.0,89.0,63.0
231,201.0,89.0,63.0
232,201.0,88.0,63.0
233,200.0,87.0,62.0
234,200.0,86.0,61.0
235,200.0,86.0,61.0
236,200.0,86.0,61.0
237,200.0,87.0,61.0
238,199.0,86.0,61.0
239,199.0,86.0,61.0
240,200.0,86.0,62.0
241,200.0,87.0,62.0
242,201.0,88.0,63.0
243,201.0,89.0,63.0
244,201.0,89.0,63.0
245,201.0,90.0,64.0
246,202.0,91.0,64.0
247,202.0,92.0,65.0
248,202.0,92.0,65.0
249,202.0,92.0,65.0
250,202.0,93.0,65.0
251,202.0,93.0,65.0
252,203.0,93.0,66.0
253,203.0,94.0,66.0
254,202.0,93.0,66.0
255,202.0,92.0,65.0
256,202.0,92.0,65.0
257,202.0,92.0,65.0
258,201.0,92.0,65.0
259,201.0,91.0,64.0
260,200.0,90.0,64.0
261,200.0,89.0,64.0
262,200.0,89.0,64.0
263,201.0,90.0,64.0
264,201.0,90.0,64.0
265,201.0,90.0,64.0
266,201.0,90.0,64.0
267,201.0,90.0,64.0
268,201.0,91.0,65.0
269,201.0,91.0,65.0
270,201.0,91.0,65.0
271,201.0,91.0,64.0
272,201.0,91.0,65.0
273,202.0,92.0,65.0
274,202.0,92.0,66.0
275,202.0,92.0,65.0
276,201.0,91.0,65.0
277,201.0,91.0,64.0
278,201.0,91.0,64.0
279,202.0,91.0,65.0
280,202.0,91.0,65.0
281,201.0,91.0,64.0
282,201.0,90.0,64.0
283,201.0,90.0,64.0
284,201.0,90.0,64.0
285,201.0,90.0,64.0
286,201.0,90.0,63.0
287,201.0,90.0,63.0
288,201.0,90.0,63.0
289,202.0,91.0,64.0
290,202.0,91.0,64.0
291,202.0,92.0,64.0
292,202.0,91.0,64.0

 ************, After Bandpass: ,************
central frequency  ,2.25 
Width frequency  , 3.16 

 ************, PPG Signal : ,************ , , Removed 
0,-0.1947478176855384, ,,-94.0
1,-0.36180134580263257, ,,-97.0
2,-0.5273222236703532, ,,-99.0
3,-1.7131364581487105, ,,-98.0
4,-0.7018854378327433, ,,-99.0
5,0.3052033629533071, ,,-93.0
6,0.4660341146761766, ,,-96.0
7,0.8210090105121708, ,,-102.0
8,-0.03113644367613233, ,,-115.0
9,0.8145760919219356, ,,83.05154031598309
10,0.8931139585197343, ,,91.99354135375444
11,0.3176936860495516, ,,19.939291066895606
12,0.9658688454908315, ,,-4.6800795733187215
13,-0.1505101639759232, ,,-38.62504085477707
14,-0.4929042702958668, ,,-37.02338446263002
15,-0.071745839039977, ,,-40.28143669717633
16,0.3409188843102129, ,,-30.42544254767506
17,0.4730540749155807, ,,-22.9435495068077
18,-0.19202129902350862, ,,-13.951323658231559
19,-0.005272993525977654, ,,-6.051175874005821
20,-0.9219245951749144, ,,-2.261933740979657
21,-0.5941322231776667, ,,2.4975480249718203
22,0.48560901754808583, ,,1.25293563465857
23,-0.22398278324067178, ,,2.678775849718477
24,-0.9809677139501218, ,,-1.3498890059095174
25,-0.33120000958160745, ,,-2.005728149704737
26,0.6901786112325681, ,,-4.931099403808275
27,0.7116106326143381, ,,-1.4327223593970757
28,0.291616885202302, ,,-0.2180941229992186
29,-0.36450806141192515, ,,1.9809353869079587
30,-1.0478853692034136, ,,1.0678021917674414
31,-0.37448973668801955, ,,1.1542723661618766
32,0.06884541723707116, ,,0.4911557448920121
33,0.2520050420400821, ,
34,-0.23567295752036443, ,
35,-0.7615641594804856, ,
36,-0.0598015946088708, ,
37,0.9471627877561559, ,
38,3.459404060397901, ,
39,2.2877510720157943, ,
40,-0.5052648065062613, ,
41,-0.5857038193325934, ,
42,-0.9275556508819136, ,
43,-0.09062268552906971, ,
44,-0.8294228476970602, ,
45,-1.6072709416257567, ,
46,-1.3652887795835795, ,
47,-0.7911789801103168, ,
48,0.16592585856415099, ,
49,0.24008256693673502, ,
50,-0.6646733057500569, ,
51,-1.7379344531650531, ,
52,-0.30703517529673263, ,
53,3.6718368844142333, ,
54,4.4369178776357785, ,
55,2.210779124075998, ,
56,0.2885466866606521, ,
57,-1.8641134836724405, ,
58,-2.0053723820508367, ,
59,-2.3339607464160963, ,
60,-1.8357565956905546, ,
61,-0.8572336795107276, ,
62,-0.5493684639584444, ,
63,-0.6488688850486142, ,
64,0.2250732366558168, ,
65,0.7799413168279443, ,
66,0.8220166229568804, ,
67,0.2787062572317609, ,
68,0.17054324716298197, ,
69,0.6465490335284585, ,
70,0.3399858143925485, ,
71,0.5134714717362385, ,
72,0.22371773418933572, ,
73,0.27030922695371373, ,
74,0.0827722367403112, ,
75,0.08705336243474449, ,
76,0.0025725668114091604, ,
77,-0.006196637805828686, ,
78,-0.020442019491497376, ,
79,-0.6599744414689894, ,
80,-0.47596790819420676, ,
81,0.662293009170412, ,
82,0.5114837453454584, ,
83,0.7981883084677293, ,
84,-0.033145065126404916, ,
85,-0.5954276316928144, ,
86,-0.010317538253389102, ,
87,0.291321907720544, ,
88,0.49650873186806166, ,
89,-0.20549854681223678, ,
90,-0.00525639265049449, ,
91,-0.29027600053836977, ,
92,-0.14486367246729515, ,
93,0.4301224839672386, ,
94,0.33193323768568916, ,
95,-0.14580496608959947, ,
96,-0.13243509205506143, ,
97,-0.26255780831343145, ,
98,-0.2186973607931577, ,
99,-0.18032005579777888, ,
100,-0.160131772681666, ,
101,-0.06862227002272903, ,
102,-0.08458501336860991, ,
103,-0.6195837532129644, ,
104,-0.4969732937970548, ,
105,0.7301663884708205, ,
106,0.500161798319823, ,
107,-0.3924716810803375, ,
108,-0.34487323926771296, ,
109,0.048070164147816286, ,
110,0.6313859646219271, ,
111,0.6355099067486663, ,
112,0.03102055435283546, ,
113,0.09062014968981202, ,
114,-0.18218836601624844, ,
115,0.5212212064355981, ,
116,0.288127948733063, ,
117,-0.19014587172102893, ,
118,-0.7695237657818552, ,
119,-0.808652940781144, ,
120,-0.1251995339973746, ,
121,-0.20902992646733765, ,
122,0.15047416517097645, ,
123,0.04378365750812918, ,
124,-0.4431377152261575, ,
125,0.25900283568307714, ,
126,0.6482394897275299, ,
127,0.05265390876058973, ,
128,0.25912446523568633, ,
129,-0.6789039813905902, ,
130,-0.41961443458421854, ,
131,0.004820253817001685, ,
132,0.006984806213608863, ,
133,0.2337142579463034, ,
134,0.11289386767225551, ,
135,-0.40326421581528393, ,
136,-0.3792020026016871, ,
137,0.20653917330400873, ,
138,0.705171999332606, ,
139,0.7882205540066707, ,
140,0.09865658146679834, ,
141,0.18161766245520994, ,
142,-0.14834767470881616, ,
143,0.5562364946148364, ,
144,0.29698071569748663, ,
145,-0.18761938828890834, ,
146,-0.14639740937695933, ,
147,-0.35700336533057, ,
148,-0.19909150377463902, ,
149,-0.2719605032564232, ,
150,-0.11814486960258819, ,
151,-0.1392286662209017, ,
152,-0.03697594791594838, ,
153,-0.04361898809906961, ,
154,0.0056066143913540145, ,
155,0.0032115839399011747, ,
156,0.0158688511434093, ,
157,1.2659692365963338, ,
158,1.5584157519792825, ,
159,0.33379977412550943, ,
160,0.45214944318877315, ,
161,-0.11734012133729266, ,
162,-0.6923135301403818, ,
163,-0.6613668698059882, ,
164,-1.3875231200850067, ,
165,-0.991810984824042, ,
166,-0.3986504601334673, ,
167,-0.2048644050778421, ,
168,0.08236012175711949, ,
169,0.11365500517990768, ,
170,0.19814932730946566, ,
171,0.15927239381471736, ,
172,0.7742220244028886, ,
173,-0.05719023681058388, ,
174,-0.46343301042907115, ,
175,0.6908514977692448, ,
176,0.2580463217700526, ,
177,0.03346461935689149, ,
178,-0.10925868905314928, ,
179,-0.1851473654323854, ,
180,-0.16845078231017396, ,
181,-0.17875407341898608, ,
182,-0.10853169777738003, ,
183,-0.10643579568204586, ,
184,-0.6632792086456902, ,
185,-0.5053853217004871, ,
186,0.07461373940304838, ,
187,0.0422628419519242, ,
188,0.28578870931050915, ,
189,-0.44688096053823756, ,
190,-0.2255682688773959, ,
191,0.21081650525320583, ,
192,0.7973438612148129, ,
193,0.7999602323802719, ,
194,0.1345939943562371, ,
195,0.1915615471145884, ,
196,-0.14757886526103903, ,
197,-0.05907824696669195, ,
198,-0.17949789495628465, ,
199,-0.10596551011985866, ,
200,-0.7372934782044922, ,
201,-0.5393170058619035, ,
202,0.03178524188888332, ,
203,0.009966402540840136, ,
204,0.2742326843913361, ,
205,-0.46914442980596505, ,
206,-0.2182148030137796, ,
207,0.8210708891949707, ,
208,0.6486941603554897, ,
209,0.881462330439831, ,
210,0.6299722574517546, ,
211,-0.10446814689805706, ,
212,-0.0947795980259798, ,
213,0.24522013495970896, ,
214,0.19986339911156392, ,
215,-0.3795619224526945, ,
216,-0.25037872270604566, ,
217,-0.4226206018793164, ,
218,-0.2730550318924543, ,
219,0.36750293308091386, ,
220,0.2950009944511294, ,
221,-0.7874145994949231, ,
222,-0.5843875671575915, ,
223,-0.19037205208746855, ,
224,-0.14372294943518682, ,
225,-0.5338492260416388, ,
226,-0.42639437554771575, ,
227,-0.40196164473627505, ,
228,-0.34631293592451584, ,
229,0.45390911979802695, ,
230,0.8894117244774407, ,
231,1.009256205820293, ,
232,0.249007293845807, ,
233,0.29955405390228407, ,
234,-0.06985280702747332, ,
235,-0.03531808871548492, ,
236,-0.13736204107613048, ,
237,-0.12698937693994594, ,
238,-0.09052186450526278, ,
239,-0.11174997730404357, ,
240,0.5988142915348362, ,
241,0.38985770744238835, ,
242,-0.05505636874954689, ,
243,-0.7159184136794465, ,
244,-0.6984867100811698, ,
245,-0.12412195992169472, ,
246,0.4853298864559292, ,
247,0.5838203310258905, ,
248,-0.6131888887857713, ,
249,-0.3667274738515971, ,
250,-0.07975328232782886, ,
251,-0.03635658191888069, ,
252,0.13267963116800274, ,
253,0.0639564007383342, ,
254,0.15455433024499143, ,
255,0.055025607666721044, ,
256,0.7300240743140876, ,
257,0.482121657535572, ,
258,-0.019462401116697947, ,
259,-0.055346378981084854, ,

 ************, GATI FFT  : ,************ , , Removed 
0,57604.000157474766
1,664.2177534964054
2,1110.338699268971
3,1049.6984239169265
4,993.4316077721708
5,1101.4498109282235
6,988.8427039183454
7,939.6878910291288
8,934.8282708214932
9,927.0281615048436
10,826.133796061964
11,760.6118796907307
12,669.4896423105563
13,631.3295495636322
14,586.9121105841378
15,624.1634795435866
16,558.6114168699722
17,445.4972411330899
18,477.1424666468085
19,468.99774424118027
20,360.2688178401943
21,341.0226905295309
22,347.842559703241
23,319.0883269378534
24,264.4224145407971
25,223.75951901149477
26,192.40738962049386
27,148.7084847346437
28,80.78908080223407
29,60.58056229018647
30,14.897954166684118
31,55.29144957525566
32,74.04772173347922
33,83.19605011495662
34,120.1213098868025
35,142.8264350852488
36,140.736592289962
37,137.56616021332206
38,161.52492939257664
39,168.8201303875356
40,148.8884603167247
41,154.76601793556617
42,188.6816094263855
43,179.00209327052497
44,170.02890636266096
45,184.0293697354209
46,176.75130920021877
47,170.398526994102
48,159.0530378503972
49,159.49964460534858
50,139.52624736886395
51,113.21465048742584
52,133.726590530882
53,121.73234074103144
54,74.69897474394553
55,73.07958798069674
56,89.62875946468579
57,73.20234010106958
58,60.733393744348916
59,58.84597583674653
60,64.13447218365765
61,54.32371025285398
62,62.40471074637723
63,65.69426556760058
64,78.29738591960114
65,78.82830568138475
66,88.92528987059643
67,103.31545463056922
68,98.2683549240785
69,102.24840624467853
70,105.5846499649334
71,105.45316257330981
72,100.9587650092452
73,115.14762942160631
74,100.3001549944792
75,94.10937567176695
76,96.6018759367683
77,93.18589136449108
78,84.7932578239753
79,75.46463447656029
80,80.45880811812101
81,73.35915402529993
82,66.89128016498884
83,59.021574901143794
84,58.86998288433464
85,41.211702885020976
86,36.76254748809244
87,40.68613994680148
88,46.67649304900716
89,47.58301300308988
90,47.71031254448735
91,49.144895495743484
92,60.446188358085465
93,58.87912443239944
94,64.44873908663206
95,63.80803092793584
96,68.4264603898923
97,78.6706193628539
98,78.41779517644999
99,79.84066067166825
100,73.46152514044797
101,88.02975520381806
102,78.15614546935163
103,75.63104406172312
104,79.26375709315126
105,79.41576441804435
106,72.00577570458202
107,76.52851066581486
108,72.19696338702242
109,65.18868846048545
110,63.980352717941145
111,55.8926332244176
112,56.57835321735386
113,51.03317659692919
114,55.11269882522974
115,49.680770106408886
116,47.53518216280862
117,45.6230460906896
118,49.65295800783911
119,42.53340369896592
120,47.9086640176547
121,54.00112013109624
122,61.06453580826753
123,57.18138826703971
124,60.36338185183583
125,65.38617969781652
126,65.29193154123038
127,68.12753656384088
128,71.16093211304852
129,67.86732543832663
130,67.57894488428181
131,70.48388053292702
132,70.31869660146242
133,66.82936702285892
134,71.72070775606358
135,68.4855034943577
136,64.58235694428764
137,51.9904040554767
138,62.51619988678255
139,49.01851194232392
140,50.93610075813623
141,51.50831766678342
142,45.37037839091287
143,37.969624778871555
144,34.230720266641995
145,38.372872955812944
146,34.039770039256034
147,0.0
148,0.0
149,0.0
150,0.0
151,0.0
152,0.0
153,0.0
154,0.0
155,0.0
156,0.0
157,0.0
158,0.0
159,0.0
160,0.0
161,0.0
162,0.0
163,0.0
164,0.0
165,0.0
166,0.0
167,0.0
168,0.0
169,0.0
170,0.0
171,0.0
172,0.0
173,0.0
174,0.0
175,0.0
176,0.0
177,0.0
178,0.0
179,0.0
180,0.0
181,0.0
182,0.0
183,0.0
184,0.0
185,0.0
186,0.0
187,0.0
188,0.0
189,0.0
190,0.0
191,0.0
192,0.0
193,0.0
194,0.0
195,0.0
196,0.0
197,0.0
198,0.0
199,0.0
200,0.0
201,0.0
202,0.0
203,0.0
204,0.0
205,0.0
206,0.0
207,0.0
208,0.0
209,0.0
210,0.0
211,0.0
212,0.0
213,0.0
214,0.0
215,0.0
216,0.0
217,0.0
218,0.0
219,0.0
220,0.0
221,0.0
222,0.0
223,0.0
224,0.0
225,0.0
226,0.0
227,0.0
228,0.0
229,0.0
230,0.0
231,0.0
232,0.0
233,0.0
234,0.0
235,0.0
236,0.0
237,0.0
238,0.0
239,0.0
240,0.0
241,0.0
242,0.0
243,0.0
244,0.0
245,0.0
246,0.0
247,0.0
248,0.0
249,0.0
250,0.0
251,0.0
252,0.0
253,0.0
254,0.0
255,0.0
256,0.0
257,0.0
258,0.0
259,0.0
260,0.0
261,0.0
262,0.0
263,0.0
264,0.0
265,0.0
266,0.0
267,0.0
268,0.0
269,0.0
270,0.0
271,0.0
272,0.0
273,0.0
274,0.0
275,0.0
276,0.0
277,0.0
278,0.0
279,0.0
280,0.0
281,0.0
282,0.0
283,0.0
284,0.0
285,0.0
286,0.0
287,0.0
288,0.0
289,0.0
290,0.0
291,0.0
292,0.0
