**** , USER DATA ,****,
, Device Info, 
-------------------------------------
Model :SM-A505F
Device: a50
Manufacturer: samsung
Board: exynos9610
Brand: samsung
SDK or OS  : 30
versionRelease: 11
VERSION_CODE: 5
VERSION_NAME: 1.0
-------------------------------------

 Unique file Id,61395, 
 Front Face,true, 
 Sampling Rate  : 8,

Id provided by Hospital or Entered manually or Randomly generated, 
20220111_134931-SM-A505F-28, 

 ************, User Manual Data : ,************ ,  

Gender,Female,
height,160,
weight,70,
Age,29,
BPsystolic(Manual),130,
BPdiastolic(Manual),90,
heartrate(Manual),70,
Medication,0,
Place ,,

 ************ , Advance Settings ,************ , 

 ************, 
 {hsvMin=60.0, hsvMax=340.0, saturationMin=0.4, saturationMax=1.0, brightnessMin=0.0, brightnessMax=1.0} ,************ ,  

 
  ************, Calculated : ,************

BMI,27,
BMR,1627,
BPsystolic,115,
BPdiastolic,72,
Heartrate,78,
Respirationrate,12,
Rythm,Pitta/Kapha(Reg),
Kathinya,208,
Kapha,16.67  %,
Vata,0.00  %,
Pitta,83.33  %,
Tala Result,0.0018323824668751835,
Variance Of Heart Rate,0.5218919840301653,
BSA,1.7318886979699173,
ET,252.57,
SV,54.61080339798465,
PP,32.08625346532588,
MPP,83.25,

 ************, KPV2 ,************
K2 , 49.85  %P2 , 24.13  %V2 , 26.03  %
PPG,


Colors Code , RED , GREEN , BLUE , H, S, V , GOOD SIGNAL HSV AVG ( per sec)  , <.1
0,83.0,7.0,4.0,15.944056,0.7258883,0.77254903,181.25,0.0
1,91.0,5.0,1.0,15.524475,0.7222222,0.7764706,201.625
2,113.0,13.0,4.0,15.944056,0.71859294,0.78039217,197.0
3,176.0,65.0,41.0,16.363636,0.715,0.78431374,195.5
4,194.0,85.0,53.0,16.666668,0.7128713,0.7921569,203.625
5,198.0,92.0,55.0,16.783216,0.71859294,0.78039217,197.0
6,198.0,94.0,57.0,15.944056,0.7258883,0.77254903,199.125
7,198.0,94.0,58.0,15.944056,0.7222222,0.7764706,200.25
8,199.0,96.0,59.0,16.056337,0.7171717,0.7764706,204.5
9,201.0,99.0,61.0,16.363636,0.715,0.78431374,204.375
10,203.0,103.0,63.0,16.783216,0.715,0.78431374,203.625
11,205.0,106.0,64.0,15.944056,0.7258883,0.77254903,201.75
12,206.0,107.0,65.0,15.104896,0.73333335,0.7647059,203.0
13,202.0,105.0,63.0,15.2112665,0.72820514,0.7647059,203.375
14,199.0,103.0,61.0,15.524475,0.7258883,0.77254903,201.375
15,198.0,102.0,60.0,16.25,0.7164179,0.7882353,201.125
16,199.0,104.0,61.0,16.551723,0.71428573,0.79607844,201.5
17,200.0,105.0,62.0,15.524475,0.71859294,0.78039217,204.375
18,201.0,106.0,62.0,15.0,0.72727275,0.7764706,203.875
19,200.0,107.0,62.0,15.416667,0.7236181,0.78039217,202.625
20,196.0,102.0,59.0,15.944056,0.71859294,0.78039217,202.125
21,194.0,101.0,58.0,16.25,0.7164179,0.7882353,200.375
22,194.0,101.0,58.0,15.944056,0.71144277,0.7882353,204.875
23,195.0,103.0,60.0,15.2112665,0.7208122,0.77254903,203.75
24,196.0,104.0,60.0,15.0,0.72727275,0.7764706,199.5
25,196.0,104.0,60.0,15.524475,0.71859294,0.78039217,201.0
26,193.0,101.0,58.0,15.944056,0.715,0.78431374,200.0
27,192.0,98.0,57.0,16.666668,0.7128713,0.7921569,196.375
28,192.0,98.0,57.0,16.25,0.7128713,0.7921569,200.0
29,192.0,98.0,57.0,15.104896,0.7222222,0.7764706,201.75
30,193.0,99.0,57.0,15.104896,0.7222222,0.7764706,201.0
31,197.0,102.0,60.0,15.524475,0.715,0.78431374,199.25
32,209.0,108.0,67.0,15.833334,0.7128713,0.7921569,199.25
33,207.0,104.0,66.0,16.666668,0.7093596,0.79607844,198.125
34,207.0,102.0,65.0,199.25
35,205.0,101.0,63.0,175.625
36,204.0,101.0,62.0
37,204.0,101.0,62.0
38,204.0,101.0,62.0
39,201.0,98.0,59.0
40,197.0,92.0,56.0
41,196.0,92.0,55.0
42,198.0,93.0,56.0
43,199.0,95.0,57.0
44,199.0,96.0,58.0
45,198.0,94.0,57.0
46,195.0,89.0,54.0
47,195.0,88.0,53.0
48,196.0,89.0,54.0
49,201.0,94.0,58.0
50,203.0,97.0,60.0
51,202.0,97.0,60.0
52,198.0,90.0,56.0
53,196.0,86.0,53.0
54,197.0,87.0,54.0
55,197.0,87.0,54.0
56,199.0,89.0,56.0
57,200.0,90.0,57.0
58,199.0,88.0,56.0
59,196.0,83.0,53.0
60,197.0,83.0,53.0
61,199.0,86.0,55.0
62,203.0,91.0,59.0
63,205.0,93.0,60.0
64,203.0,90.0,59.0
65,199.0,84.0,55.0
66,200.0,84.0,55.0
67,201.0,85.0,55.0
68,206.0,91.0,59.0
69,209.0,96.0,62.0
70,210.0,97.0,63.0
71,207.0,93.0,61.0
72,204.0,89.0,58.0
73,204.0,89.0,57.0
74,205.0,92.0,59.0
75,208.0,96.0,61.0
76,209.0,98.0,62.0
77,205.0,94.0,59.0
78,201.0,88.0,55.0
79,201.0,88.0,55.0
80,202.0,90.0,56.0
81,204.0,93.0,57.0
82,205.0,95.0,59.0
83,204.0,95.0,58.0
84,202.0,90.0,56.0
85,202.0,90.0,56.0
86,203.0,91.0,57.0
87,204.0,93.0,58.0
88,205.0,95.0,59.0
89,205.0,96.0,59.0
90,202.0,91.0,56.0
91,201.0,88.0,55.0
92,201.0,89.0,55.0
93,202.0,90.0,56.0
94,202.0,91.0,57.0
95,202.0,92.0,57.0
96,199.0,86.0,54.0
97,197.0,82.0,52.0
98,199.0,84.0,52.0
99,201.0,87.0,54.0
100,205.0,92.0,58.0
101,207.0,95.0,60.0
102,205.0,92.0,57.0
103,205.0,91.0,57.0
104,205.0,92.0,57.0
105,206.0,94.0,58.0
106,206.0,96.0,59.0
107,207.0,97.0,60.0
108,202.0,92.0,56.0
109,200.0,89.0,55.0
110,200.0,90.0,55.0
111,202.0,92.0,57.0
112,204.0,94.0,58.0
113,204.0,95.0,58.0
114,201.0,91.0,56.0
115,200.0,88.0,54.0
116,200.0,89.0,54.0
117,201.0,90.0,55.0
118,202.0,92.0,57.0
119,203.0,93.0,57.0
120,200.0,89.0,54.0
121,200.0,88.0,54.0
122,201.0,89.0,55.0
123,202.0,91.0,56.0
124,203.0,93.0,57.0
125,203.0,92.0,57.0
126,200.0,87.0,53.0
127,200.0,87.0,53.0
128,200.0,89.0,55.0
129,201.0,90.0,55.0
130,202.0,91.0,56.0
131,201.0,90.0,55.0
132,198.0,84.0,52.0
133,198.0,84.0,52.0
134,200.0,86.0,53.0
135,205.0,92.0,57.0
136,207.0,96.0,59.0
137,207.0,96.0,60.0
138,203.0,90.0,56.0
139,202.0,88.0,54.0
140,202.0,89.0,55.0
141,204.0,92.0,57.0
142,206.0,94.0,58.0
143,206.0,96.0,59.0
144,205.0,94.0,58.0
145,203.0,91.0,56.0
146,203.0,91.0,56.0
147,204.0,93.0,57.0
148,206.0,96.0,58.0
149,207.0,98.0,60.0
150,205.0,96.0,59.0
151,202.0,91.0,55.0
152,201.0,91.0,55.0
153,201.0,92.0,55.0
154,204.0,95.0,57.0
155,205.0,97.0,59.0
156,204.0,97.0,58.0
157,201.0,93.0,56.0
158,202.0,92.0,56.0
159,201.0,93.0,56.0
160,203.0,95.0,57.0
161,205.0,97.0,58.0
162,205.0,97.0,59.0
163,201.0,92.0,55.0
164,201.0,90.0,54.0
165,199.0,90.0,54.0
166,201.0,91.0,55.0
167,202.0,93.0,57.0
168,203.0,94.0,57.0
169,200.0,90.0,55.0
170,199.0,88.0,54.0
171,200.0,90.0,55.0
172,201.0,92.0,56.0
173,202.0,93.0,57.0
174,202.0,94.0,57.0
175,200.0,90.0,55.0
176,199.0,88.0,54.0
177,200.0,90.0,55.0
178,201.0,92.0,56.0
179,202.0,94.0,57.0
180,207.0,99.0,60.0
181,212.0,104.0,63.0
182,207.0,97.0,59.0
183,206.0,96.0,58.0
184,204.0,95.0,57.0
185,206.0,97.0,58.0
186,207.0,99.0,58.0
187,206.0,98.0,57.0
188,202.0,95.0,55.0
189,201.0,94.0,54.0
190,201.0,96.0,55.0
191,203.0,98.0,56.0
192,204.0,99.0,56.0
193,203.0,99.0,56.0
194,198.0,93.0,54.0
195,196.0,91.0,53.0
196,197.0,92.0,53.0
197,199.0,95.0,54.0
198,202.0,97.0,55.0
199,203.0,98.0,56.0
200,198.0,93.0,54.0
201,199.0,94.0,54.0
202,201.0,96.0,55.0
203,202.0,97.0,56.0
204,204.0,99.0,56.0
205,203.0,99.0,56.0
206,199.0,94.0,54.0
207,199.0,94.0,54.0
208,201.0,96.0,55.0
209,202.0,98.0,56.0
210,203.0,99.0,56.0
211,202.0,97.0,55.0
212,197.0,92.0,53.0
213,197.0,92.0,53.0
214,198.0,94.0,54.0
215,200.0,96.0,55.0
216,201.0,97.0,55.0
217,197.0,93.0,54.0
218,195.0,89.0,52.0
219,195.0,90.0,52.0
220,196.0,91.0,53.0
221,198.0,94.0,54.0
222,199.0,95.0,55.0
223,196.0,90.0,53.0
224,195.0,88.0,52.0
225,197.0,90.0,53.0
226,201.0,95.0,56.0
227,205.0,100.0,59.0
228,206.0,101.0,60.0
229,200.0,95.0,57.0
230,197.0,90.0,54.0
231,196.0,90.0,53.0
232,198.0,93.0,55.0
233,201.0,96.0,57.0
234,204.0,99.0,59.0
235,201.0,96.0,58.0
236,199.0,92.0,55.0
237,200.0,93.0,56.0
238,201.0,95.0,57.0
239,203.0,98.0,58.0
240,205.0,100.0,59.0
241,203.0,99.0,59.0
242,200.0,95.0,57.0
243,198.0,94.0,55.0
244,200.0,96.0,56.0
245,203.0,99.0,58.0
246,204.0,101.0,59.0
247,202.0,99.0,58.0
248,198.0,93.0,55.0
249,198.0,94.0,55.0
250,199.0,95.0,56.0
251,201.0,97.0,57.0
252,202.0,99.0,58.0
253,200.0,96.0,57.0
254,197.0,92.0,54.0
255,198.0,92.0,55.0
256,199.0,94.0,56.0
257,200.0,96.0,57.0
258,202.0,98.0,58.0
259,199.0,96.0,56.0
260,197.0,92.0,54.0
261,198.0,93.0,55.0
262,198.0,94.0,56.0
263,200.0,96.0,57.0
264,200.0,97.0,57.0
265,197.0,92.0,54.0
266,195.0,88.0,52.0
267,195.0,89.0,53.0
268,197.0,91.0,54.0
269,201.0,96.0,57.0
270,203.0,98.0,58.0
271,199.0,93.0,56.0
272,198.0,90.0,54.0
273,199.0,92.0,55.0
274,199.0,94.0,56.0
275,201.0,96.0,57.0
276,201.0,96.0,58.0
277,197.0,91.0,55.0
278,198.0,90.0,54.0
279,199.0,93.0,56.0
280,200.0,95.0,57.0
281,202.0,98.0,58.0
282,202.0,97.0,58.0
283,198.0,91.0,55.0
284,198.0,91.0,55.0
285,200.0,94.0,57.0
286,202.0,96.0,58.0
287,203.0,99.0,59.0

 ************, After Bandpass: ,************
central frequency  ,2.25 
Width frequency  , 3.16 

 ************, PPG Signal : ,************ , , Removed 
0,4.553938553848411, ,,-83.0
1,-2.1729429389874895, ,,-91.0
2,-2.8008713158411638, ,,-113.0
3,-5.542277545777779, ,,-176.0
4,-2.946171848912172, ,,-194.0
5,-2.726674629735953, ,,-198.0
6,-3.108319688102938, ,,-198.0
7,-4.575554077743163, ,,-198.0
8,-2.4883920651811877, ,,-199.0
9,1.5091398329250296, ,,125.51398198129775
10,2.7341802062169336, ,,94.03473515528577
11,2.4967655350581026, ,,-12.259159072314134
12,0.9184265180506372, ,,-8.969744836284463
13,-1.0195288306467774, ,,-56.338299978309124
14,-0.8477300073413971, ,,-39.50373655588214
15,1.3407296156879056, ,,-47.011089331810126
16,3.9013230792694458, ,,-27.506768022600227
17,4.5006114390051835, ,,-21.058314689141753
18,0.3655935932107468, ,,-11.551030793040809
19,-2.9144599443804964, ,,-4.842747711726133
20,-4.351467779872905, ,,-6.5929594999374785
21,-1.254637147530957, ,,0.03046095023387352
22,-0.4002808558293509, ,,-1.1131911986244631
23,1.3832247054892832, ,,6.011080004400583
24,2.063208389342776, ,,2.339515816537528
25,0.16360904600060167, ,,5.755686961736842
26,-1.9065273530791274, ,,-1.1167972745656698
27,-0.9352380279909767, ,,1.2082228652969889
28,1.7594310831663051, ,,-0.6730297888030918
29,3.2913770418455215, ,,1.5991005219871113
30,3.5802773557755927, ,,0.6574965365981598
31,-0.6037297091294249, ,,4.135685795983022
32,-3.8744099222479917, ,,9.407916428819703
33,-2.4903812945988193, ,
34,-7.870630900015385E-4, ,
35,2.8236929332242653, ,
36,4.315399322790427, ,
37,1.6535393364979427, ,
38,-1.7683818508351123, ,
39,-4.726332064547705, ,
40,-2.853977682759705, ,
41,-0.7925284702453155, ,
42,1.7725457585622735, ,
43,2.166630026886196, ,
44,-1.969330641768238, ,
45,-4.1707961559041, ,
46,-2.1637460107044717, ,
47,0.6541030424918972, ,
48,2.2690289210404444, ,
49,2.8148276858407826, ,
50,0.7527922867641337, ,
51,-0.9621469528394755, ,
52,-0.8285163858929536, ,
53,0.632379609374766, ,
54,1.055171209540049, ,
55,1.336126321048141, ,
56,0.5492124195811812, ,
57,-1.9797478250361564, ,
58,-2.3101028885359938, ,
59,-0.7608690758340799, ,
60,0.43434187034904426, ,
61,0.888825627190954, ,
62,0.4561320338530095, ,
63,-1.3186407086082, ,
64,-2.3779340623891585, ,
65,0.7621757954379973, ,
66,2.5585905440325405, ,
67,4.206746570126597, ,
68,3.918628959045577, ,
69,-0.3039416077840542, ,
70,-1.323071225856438, ,
71,-1.290378405386491, ,
72,-0.7927207269690371, ,
73,-0.5593474222071109, ,
74,-0.30246336590607825, ,
75,-3.2079845152268263, ,
76,-4.222411177537197, ,
77,-0.9139136546980353, ,
78,1.1363438007890636, ,
79,3.350837713079727, ,
80,1.937261751107144, ,
81,-0.8005642166308462, ,
82,-1.595523053678562, ,
83,-0.3469093196358699, ,
84,0.6547346618283427, ,
85,1.5005965791665403, ,
86,1.538086730220357, ,
87,-1.085070427241135, ,
88,-1.3044064044747756, ,
89,0.5902067295442066, ,
90,0.856148565235344, ,
91,1.3480343281396472, ,
92,0.5158983537876338, ,
93,-1.9595916826544908, ,
94,-1.6470649755358409, ,
95,-0.29531263124499674, ,
96,0.418105507686505, ,
97,1.4469453596520907, ,
98,0.07319602843517714, ,
99,-2.0516547842771615, ,
100,-1.293630045316604, ,
101,1.3074304581305114, ,
102,4.294452109277927, ,
103,4.1053494630610885, ,
104,1.065610773476692, ,
105,-2.8497621678850464, ,
106,-3.805091020911277, ,
107,-1.73214395153218, ,
108,0.04225724481398174, ,
109,2.026016344343361, ,
110,0.8644126809672343, ,
111,-0.47549636405756246, ,
112,-1.899707544010198, ,
113,-1.3641119865799283, ,
114,0.42122807754640235, ,
115,1.5579931331556054, ,
116,1.923961370414645, ,
117,-0.7428947205610257, ,
118,-2.753578720675023, ,
119,-2.397532462349318, ,
120,-0.672656386478593, ,
121,2.006641430722084, ,
122,2.7452280495954255, ,
123,0.46032655486919793, ,
124,-1.7091132846819619, ,
125,-0.8515445845730483, ,
126,-0.16567460823057445, ,
127,0.6619184606183808, ,
128,2.745065393869936, ,
129,0.9436644755423913, ,
130,-2.1575859134632083, ,
131,-2.1799164066283083, ,
132,-1.5076848319874898, ,
133,-0.027098435240986873, ,
134,2.159680735254824, ,
135,1.3816247173656393, ,
136,-0.5613118333676539, ,
137,-1.904807588169433, ,
138,0.4121037218340007, ,
139,0.9892462765596974, ,
140,1.4843733178795446, ,
141,0.8449926558764673, ,
142,-1.191548224597227, ,
143,-1.5328997606343364, ,
144,-0.14581606272804493, ,
145,1.0661285318315095, ,
146,1.1458398506506455, ,
147,3.940795619053233, ,
148,5.357227206656944, ,
149,-1.2138721082872053, ,
150,-3.996538582504627, ,
151,-3.2118200052827888, ,
152,-1.9509004067540445, ,
153,0.9114108423914331, ,
154,-1.0515533877164671, ,
155,-2.6462637190006717, ,
156,-2.7117943714006287, ,
157,-0.10276599830967825, ,
158,1.6510701195397814, ,
159,2.7568155917128934, ,
160,0.8743930953555719, ,
161,-2.686536810701, ,
162,-3.1310379808114703, ,
163,0.03264936541472707, ,
164,2.2722867908801163, ,
165,3.9676029482856165, ,
166,3.2795520768046345, ,
167,-2.0059566952336354, ,
168,-1.4765495251518814, ,
169,1.3229903112637658, ,
170,0.9565954663034972, ,
171,1.8355968988169025, ,
172,0.00702931954970154, ,
173,-3.455320480817363, ,
174,-2.4254703457806954, ,
175,0.554534193641075, ,
176,1.2965051298899652, ,
177,1.4056671255661968, ,
178,0.16650004626762893, ,
179,-3.6257060442176225, ,
180,-2.3824911901635915, ,
181,0.5440880430323887, ,
182,1.8915208335521356, ,
183,2.5593986749775013, ,
184,-1.3843199145317158, ,
185,-2.5442504894558624, ,
186,-0.7198996952114385, ,
187,0.6795393448668392, ,
188,2.4858017997983097, ,
189,2.2735980736789543, ,
190,-0.6897788939755856, ,
191,-1.78417889983416, ,
192,0.8185549928321052, ,
193,3.1468326591843834, ,
194,4.543794547801099, ,
195,2.3617990507494824, ,
196,-3.87484226058325, ,
197,-6.018544123170614, ,
198,-3.5645422881516424, ,
199,-0.59748630237209, ,
200,2.920316973114268, ,
201,3.772864562914606, ,
202,0.39633885164130334, ,
203,-2.4051185457285555, ,
204,-0.3826211361829337, ,
205,0.42323635215689137, ,
206,1.6004253781261468, ,
207,2.2037899290337464, ,
208,-0.5334748437387589, ,
209,-3.1279873448852413, ,
210,-3.3145054325475485, ,
211,-0.3042732112817248, ,
212,2.678918107606478, ,
213,2.4074241885796255, ,
214,-0.2045086066877957, ,
215,-3.2334275969769806, ,
216,-2.091429116586596, ,
217,0.46137545608075925, ,
218,1.7845480415428483, ,
219,2.36945713023988, ,
220,-0.32374046343272767, ,
221,-2.378066066818519, ,
222,-0.8439803170253981, ,
223,1.0621971062050761, ,
224,1.2236630605285654, ,
225,2.3137431834570634, ,
226,-0.7279387437921514, ,
227,-2.6210458624234434, ,
228,-0.3751480120453152, ,
229,0.03901523081628966, ,
230,1.5090705290058395, ,
231,1.275087980070225, ,
232,-1.6764414392381468, ,
233,-2.43839818626725, ,
234,-1.0275493921775478, ,
235,1.355052588864055, ,
236,3.9764889963663563, ,
237,3.7921272019644903, ,
238,-1.1696182047809316, ,
239,-2.6521439114089844, ,
240,-0.5483795942017196, ,
241,-0.5737509984739972, ,
242,1.029472033828256, ,
243,0.7363100692351736, ,
244,-2.664356237400284, ,
245,-1.3138261286843544, ,
246,0.8774531428648515, ,
247,0.9449171060787194, ,
248,2.2579039863198886, ,
249,1.0285219736015279, ,
250,-2.467015125569219, ,
251,-2.1637879195375262, ,
252,0.8526639679073469, ,
253,1.8110231909460026, ,
254,1.8503155588414302, ,

 ************, GATI FFT  : ,************ , , Removed 
0,57545.04887477288
1,629.0528672870458
2,362.1678512926356
3,325.36345630849405
4,294.43644426223136
5,355.8461319469553
6,240.55130977341256
7,366.3023961907126
8,164.22872669149473
9,382.7639091757568
10,409.29495315109085
11,328.01979163230544
12,460.15772499203996
13,422.8193674227018
14,324.50654296733194
15,427.89430275645145
16,288.34307667556163
17,204.766417800534
18,303.47485713190173
19,261.66287447509865
20,325.19328450376815
21,379.8493358243695
22,347.5710217579965
23,291.1552686204547
24,283.29098009250356
25,292.2517218110492
26,285.2806134053532
27,250.54640227344007
28,236.36245727717707
29,249.48558849786562
30,279.98561193348945
31,311.76645393395626
32,235.51727935627116
33,252.02533974197507
34,213.6206558008059
35,228.0404437509274
36,226.75045235970856
37,228.01918798198307
38,230.12336988855083
39,279.06591105686937
40,285.0058717988614
41,229.41414137431016
42,221.60114358235367
43,210.99599303824175
44,331.35356704430734
45,226.96464235706935
46,189.7746842235992
47,99.37682630940407
48,270.46626407003146
49,290.83610591846053
50,269.4709989420716
51,172.85801614777972
52,195.1674607413493
53,188.10413327629078
54,131.87792154717326
55,167.64639665715876
56,167.12109108892298
57,169.0165387303276
58,177.94321482046084
59,155.6687602553719
60,145.69493707148885
61,135.3358962665862
62,114.81916129434201
63,146.12661324915052
64,111.05775271221424
65,122.06631091256199
66,124.1143486372254
67,122.11073487193919
68,134.98092961936698
69,117.28236468042257
70,95.7799323683186
71,103.79405252917022
72,90.80198235721508
73,82.10102111221413
74,86.65055529804033
75,67.84239598327241
76,82.64962479195106
77,82.28522253387366
78,75.71275911848107
79,77.93836917300399
80,68.39309211796932
81,62.962962126865406
82,64.36538052427142
83,52.191042514749626
84,58.243798072056705
85,69.25140162829305
86,53.97876680116226
87,70.66860202516709
88,56.15478903172795
89,57.70854741171621
90,43.395652882061135
91,35.08725855106251
92,47.48530061008318
93,44.82433899913739
94,55.07507286248887
95,37.52621135442191
96,36.055512754639885
97,47.98845114616259
98,68.70841699361387
99,52.44715680832434
100,35.79241165937788
101,65.7808076526807
102,59.84725224004881
103,66.2167241876572
104,52.981631482848556
105,57.21682619065959
106,49.7320473680424
107,47.2752479947468
108,55.73358372352828
109,55.802315575728244
110,56.92046912881455
111,64.03673719824478
112,68.56132352729307
113,58.98116818020621
114,65.88410761820899
115,59.187954045241845
116,51.87180374037392
117,62.89678566688306
118,48.39312136710355
119,67.2667572600715
120,68.92184412962808
121,76.81703200527741
122,80.92637041129625
123,63.56010232008457
124,60.845932081600374
125,75.92642174934244
126,56.921368642269215
127,68.37429863866018
128,72.6483770440387
129,74.4635215560274
130,79.70023446988282
131,86.61253425103853
132,79.52052205579699
133,84.19490991858275
134,68.74638879954959
135,59.508904006858444
136,81.6253984794377
137,77.06474665918222
138,87.59483415824587
139,73.48548198503238
140,68.29420801799898
141,94.35222492280624
142,73.85733650595604
143,63.520347836765936
144,0.0
145,0.0
146,0.0
147,0.0
148,0.0
149,0.0
150,0.0
151,0.0
152,0.0
153,0.0
154,0.0
155,0.0
156,0.0
157,0.0
158,0.0
159,0.0
160,0.0
161,0.0
162,0.0
163,0.0
164,0.0
165,0.0
166,0.0
167,0.0
168,0.0
169,0.0
170,0.0
171,0.0
172,0.0
173,0.0
174,0.0
175,0.0
176,0.0
177,0.0
178,0.0
179,0.0
180,0.0
181,0.0
182,0.0
183,0.0
184,0.0
185,0.0
186,0.0
187,0.0
188,0.0
189,0.0
190,0.0
191,0.0
192,0.0
193,0.0
194,0.0
195,0.0
196,0.0
197,0.0
198,0.0
199,0.0
200,0.0
201,0.0
202,0.0
203,0.0
204,0.0
205,0.0
206,0.0
207,0.0
208,0.0
209,0.0
210,0.0
211,0.0
212,0.0
213,0.0
214,0.0
215,0.0
216,0.0
217,0.0
218,0.0
219,0.0
220,0.0
221,0.0
222,0.0
223,0.0
224,0.0
225,0.0
226,0.0
227,0.0
228,0.0
229,0.0
230,0.0
231,0.0
232,0.0
233,0.0
234,0.0
235,0.0
236,0.0
237,0.0
238,0.0
239,0.0
240,0.0
241,0.0
242,0.0
243,0.0
244,0.0
245,0.0
246,0.0
247,0.0
248,0.0
249,0.0
250,0.0
251,0.0
252,0.0
253,0.0
254,0.0
255,0.0
256,0.0
257,0.0
258,0.0
259,0.0
260,0.0
261,0.0
262,0.0
263,0.0
264,0.0
265,0.0
266,0.0
267,0.0
268,0.0
269,0.0
270,0.0
271,0.0
272,0.0
273,0.0
274,0.0
275,0.0
276,0.0
277,0.0
278,0.0
279,0.0
280,0.0
281,0.0
282,0.0
283,0.0
284,0.0
285,0.0
286,0.0
287,0.0
